"year" "month" "temp"
1901 1 -0.3
1901 2 -0.9
1901 3 3.5
1901 4 9.1
1901 5 12.2
1901 6 14.7
1901 7 18.7
1901 8 16.7
1901 9 14.7
1901 10 10.3
1901 11 5.3
1901 12 2.9
1902 1 4.6
1902 2 -0.4
1902 3 5.2
1902 4 8.5
1902 5 9.4
1902 6 15.8
1902 7 15.5
1902 8 14.8
1902 9 13.1
1902 10 8.6
1902 11 3.7
1902 12 0.8
1903 1 2.9
1903 2 5.6
1903 3 7.1
1903 4 5.6
1903 5 12.8
1903 6 14.3
1903 7 15.6
1903 8 15.3
1903 9 14.4
1903 10 11.1
1903 11 5.7
1903 12 0.8
1904 1 0.7
1904 2 3
1904 3 3.7
1904 4 9.7
1904 5 12.1
1904 6 14.4
1904 7 18
1904 8 16
1904 9 12.4
1904 10 9.2
1904 11 5.5
1904 12 4
1905 1 1.3
1905 2 3.6
1905 3 6
1905 4 6.6
1905 5 11.9
1905 6 16.9
1905 7 18
1905 8 16
1905 9 12.9
1905 10 6.5
1905 11 3.8
1905 12 2.3
1906 1 3.6
1906 2 2.4
1906 3 4
1906 4 7.6
1906 5 12.5
1906 6 14.3
1906 7 17
1906 8 16.9
1906 9 13.4
1906 10 11.8
1906 11 7.9
1906 12 0.2
1907 1 1.7
1907 2 0.7
1907 3 4.7
1907 4 7.6
1907 5 12.6
1907 6 13.7
1907 7 13.9
1907 8 15.2
1907 9 13.7
1907 10 11.3
1907 11 5.8
1907 12 3.1
1908 1 -1.2
1908 2 3.7
1908 3 3.6
1908 4 6.1
1908 5 13.1
1908 6 16.3
1908 7 16.7
1908 8 15.3
1908 9 13.6
1908 10 9.9
1908 11 4.5
1908 12 1.1
1909 1 0.8
1909 2 0.6
1909 3 3
1909 4 8.6
1909 5 11.3
1909 6 13.2
1909 7 14.8
1909 8 16.3
1909 9 13.2
1909 10 11.1
1909 11 4.5
1909 12 3.2
1910 1 3.5
1910 2 4
1910 3 5.2
1910 4 7.9
1910 5 12.7
1910 6 16.4
1910 7 15.3
1910 8 16.1
1910 9 13.4
1910 10 10.3
1910 11 3.4
1910 12 5.7
1911 1 1.2
1911 2 3.5
1911 3 5.1
1911 4 7.2
1911 5 14
1911 6 14.8
1911 7 18.6
1911 8 19.4
1911 9 14.5
1911 10 9.5
1911 11 5.9
1911 12 5.2
1912 1 2
1912 2 4
1912 3 7.5
1912 4 8.7
1912 5 11.7
1912 6 15.2
1912 7 18.4
1912 8 14.1
1912 9 10.7
1912 10 7.9
1912 11 5.5
1912 12 5.4
1913 1 2.3
1913 2 3.4
1913 3 7
1913 4 8.7
1913 5 12.7
1913 6 14.3
1913 7 14.8
1913 8 15.3
1913 9 13.9
1913 10 11
1913 11 8.4
1913 12 4.2
1914 1 -0.1
1914 2 5.6
1914 3 6
1914 4 10.1
1914 5 11.6
1914 6 14.3
1914 7 17.9
1914 8 17.4
1914 9 13.7
1914 10 10
1914 11 5.1
1914 12 5
1915 1 3.2
1915 2 3.1
1915 3 4.1
1915 4 7.5
1915 5 12.4
1915 6 15.7
1915 7 15.6
1915 8 15.6
1915 9 13.1
1915 10 7.6
1915 11 2.9
1915 12 5.2
1916 1 6
1916 2 2.7
1916 3 4.4
1916 4 8.8
1916 5 13.1
1916 6 12.2
1916 7 15.3
1916 8 16.4
1916 9 13.3
1916 10 10.3
1916 11 5.9
1916 12 2.6
1917 1 -0.7
1917 2 -1.5
1917 3 1.9
1917 4 4.6
1917 5 14.7
1917 6 18.3
1917 7 16.7
1917 8 16.2
1917 9 14.6
1917 10 8.1
1917 11 7.3
1917 12 0
1918 1 2.8
1918 2 4
1918 3 4.6
1918 4 8.3
1918 5 13.9
1918 6 13.5
1918 7 16.2
1918 8 15.9
1918 9 13.1
1918 10 9.3
1918 11 4.3
1918 12 5.8
1919 1 1.9
1919 2 0.3
1919 3 4.1
1919 4 6.3
1919 5 13.8
1919 6 14.4
1919 7 13.9
1919 8 16
1919 9 14.4
1919 10 7
1919 11 1.8
1919 12 3.7
1920 1 4.2
1920 2 5.4
1920 3 7.3
1920 4 9.3
1920 5 12.9
1920 6 15.8
1920 7 16.2
1920 8 14.1
1920 9 13.2
1920 10 8.2
1920 11 3.2
1920 12 2.1
1921 1 6.2
1921 2 3.1
1921 3 6.7
1921 4 8.8
1921 5 13.4
1921 6 14.8
1921 7 18.1
1921 8 16.9
1921 9 14
1921 10 12.7
1921 11 1.3
1921 12 3.2
1922 1 0.4
1922 2 1.7
1922 3 4.2
1922 4 6.1
1922 5 13.4
1922 6 15.2
1922 7 15.1
1922 8 14.9
1922 9 12.6
1922 10 6.5
1922 11 4.9
1922 12 4.6
1923 1 4
1923 2 3
1923 3 6.5
1923 4 7.8
1923 5 10.3
1923 6 11.6
1923 7 18.9
1923 8 15.8
1923 9 13
1923 10 10.7
1923 11 2.9
1923 12 0.4
1924 1 0.1
1924 2 0.4
1924 3 3.3
1924 4 6.6
1924 5 13.3
1924 6 14.9
1924 7 16.3
1924 8 14.4
1924 9 14
1924 10 10.6
1924 11 5
1924 12 3.8
1925 1 3.8
1925 2 4.8
1925 3 3.6
1925 4 8.1
1925 5 13.8
1925 6 15.2
1925 7 18.4
1925 8 16.3
1925 9 11.8
1925 10 9.8
1925 11 2.8
1925 12 1.4
1926 1 2.2
1926 2 6.3
1926 3 5.8
1926 4 10
1926 5 10.7
1926 6 13.9
1926 7 17.8
1926 8 16.5
1926 9 15.4
1926 10 8
1926 11 6.7
1926 12 2.9
1927 1 3.9
1927 2 2.8
1927 3 6.6
1927 4 7.8
1927 5 11.4
1927 6 13.2
1927 7 17.1
1927 8 16.9
1927 9 14.1
1927 10 10.4
1927 11 4.1
1927 12 -1.2
1928 1 3.6
1928 2 4.8
1928 3 4.5
1928 4 8.3
1928 5 10.9
1928 6 14
1928 7 17.2
1928 8 16.1
1928 9 12.7
1928 10 9.8
1928 11 7.7
1928 12 2.3
1929 1 -1.4
1929 2 -5.4
1929 3 3.6
1929 4 5.5
1929 5 12.7
1929 6 13.8
1929 7 17.2
1929 8 16.2
1929 9 16
1929 10 10.2
1929 11 6.1
1929 12 5.2
1930 1 4.7
1930 2 1.6
1930 3 4.8
1930 4 8.9
1930 5 11.7
1930 6 17.8
1930 7 16.2
1930 8 16.6
1930 9 14
1930 10 10.3
1930 11 7.3
1930 12 2.2
1931 1 2.6
1931 2 1.2
1931 3 2.4
1931 4 7.3
1931 5 13.6
1931 6 15.3
1931 7 16.6
1931 8 15.8
1931 9 11.6
1931 10 8.9
1931 11 6.7
1931 12 3.3
1932 1 4
1932 2 1.5
1932 3 3.1
1932 4 7.3
1932 5 12.2
1932 6 15
1932 7 17.5
1932 8 18.9
1932 9 14.8
1932 10 9.3
1932 11 5.5
1932 12 3.5
1933 1 0.1
1933 2 2.8
1933 3 6.8
1933 4 8.4
1933 5 12.1
1933 6 15.5
1933 7 18.1
1933 8 17.4
1933 9 14.8
1933 10 9.9
1933 11 3.9
1933 12 -2.1
1934 1 2.2
1934 2 3.4
1934 3 4.8
1934 4 10.3
1934 5 12.1
1934 6 15.9
1934 7 17.7
1934 8 16.2
1934 9 16
1934 10 11.3
1934 11 5.4
1934 12 7.2
1935 1 2.9
1935 2 4.3
1935 3 5
1935 4 7.9
1935 5 11
1935 6 16.5
1935 7 17.7
1935 8 17.2
1935 9 14.1
1935 10 9.7
1935 11 7.1
1935 12 2.6
1936 1 4.7
1936 2 2.2
1936 3 6.5
1936 4 6.2
1936 5 13
1936 6 16.5
1936 7 16.4
1936 8 16.9
1936 9 14.1
1936 10 8.7
1936 11 5.2
1936 12 3.3
1937 1 2.6
1937 2 4.8
1937 3 3.4
1937 4 8.8
1937 5 14.2
1937 6 15.7
1937 7 16.7
1937 8 17.4
1937 9 13.4
1937 10 10.9
1937 11 4.6
1937 12 1.6
1938 1 4
1938 2 3.4
1938 3 7.7
1938 4 6.9
1938 5 11.1
1938 6 15.4
1938 7 16.1
1938 8 17.9
1938 9 15
1938 10 9.5
1938 11 8.7
1938 12 0.4
1939 1 4.3
1939 2 3.5
1939 3 4.5
1939 4 9.2
1939 5 12
1939 6 16.3
1939 7 17
1939 8 17.6
1939 9 15.1
1939 10 7.6
1939 11 7.3
1939 12 1
1940 1 -5.5
1940 2 -1.3
1940 3 5.2
1940 4 9
1940 5 13.2
1940 6 16.6
1940 7 15.8
1940 8 15.2
1940 9 12.9
1940 10 8.8
1940 11 6.7
1940 12 0.7
1941 1 -2.5
1941 2 1.6
1941 3 4.7
1941 4 6.8
1941 5 9.6
1941 6 16.8
1941 7 19.2
1941 8 15
1941 9 14.4
1941 10 9.7
1941 11 4.1
1941 12 4.7
1942 1 -5.1
1942 2 -4.2
1942 3 2.7
1942 4 9.3
1942 5 12.1
1942 6 14.4
1942 7 16
1942 8 17.9
1942 9 14.7
1942 10 11.9
1942 11 5.6
1942 12 4.2
1943 1 2.7
1943 2 4.4
1943 3 6.4
1943 4 10.5
1943 5 13.4
1943 6 14.4
1943 7 17.2
1943 8 16.8
1943 9 13.4
1943 10 10.4
1943 11 4.7
1943 12 1.3
1944 1 5.2
1944 2 1.8
1944 3 3.6
1944 4 9.5
1944 5 11.6
1944 6 14.1
1944 7 16.9
1944 8 19.3
1944 9 13.2
1944 10 9.5
1944 11 6.4
1944 12 2.5
1945 1 -1.6
1945 2 6
1945 3 7.3
1945 4 10.2
1945 5 13.6
1945 6 16
1945 7 17.8
1945 8 16.4
1945 9 14.5
1945 10 11.5
1945 11 4.9
1945 12 3.2
1946 1 0.2
1946 2 4.6
1946 3 4.2
1946 4 10.3
1946 5 12.9
1946 6 13.9
1946 7 17.4
1946 8 15.7
1946 9 14.5
1946 10 9.3
1946 11 6.5
1946 12 -0.3
1947 1 -1.4
1947 2 -5.5
1947 3 3.3
1947 4 9
1947 5 15.1
1947 6 17.5
1947 7 18.8
1947 8 19.8
1947 9 16.8
1947 10 9.3
1947 11 7.1
1947 12 4.2
1948 1 5.1
1948 2 3
1948 3 6.7
1948 4 10
1948 5 12.7
1948 6 15.3
1948 7 16.6
1948 8 16.4
1948 9 14.4
1948 10 9.7
1948 11 4.9
1948 12 3.5
1949 1 3.7
1949 2 3.8
1949 3 4
1949 4 10.4
1949 5 11.3
1949 6 14.4
1949 7 17.4
1949 8 17.1
1949 9 17.2
1949 10 11.4
1949 11 5.2
1949 12 4.4
1950 1 1
1950 2 5.5
1950 3 6.5
1950 4 7.7
1950 5 12.8
1950 6 17.3
1950 7 17.3
1950 8 17.1
1950 9 13.4
1950 10 9.2
1950 11 5.9
1950 12 -1.2
1951 1 4.1
1951 2 4
1951 3 4.1
1951 4 7.3
1951 5 12.2
1951 6 15.3
1951 7 17
1951 8 16.4
1951 9 15.3
1951 10 8.7
1951 11 8.5
1951 12 4.4
1952 1 2.5
1952 2 2.5
1952 3 5
1952 4 10.6
1952 5 13.5
1952 6 15.1
1952 7 17.4
1952 8 17
1952 9 11.6
1952 10 8.3
1952 11 3.1
1952 12 1.5
1953 1 1.4
1953 2 2.5
1953 3 5.1
1953 4 8.7
1953 5 13.1
1953 6 15.8
1953 7 17.1
1953 8 16.5
1953 9 13.9
1953 10 11.8
1953 11 7.7
1953 12 5.3
1954 1 0.4
1954 2 -0.3
1954 3 6
1954 4 6.8
1954 5 13.2
1954 6 15.1
1954 7 14.3
1954 8 15.8
1954 9 13.5
1954 10 12
1954 11 6.9
1954 12 5.5
1955 1 0.3
1955 2 0.3
1955 3 2
1955 4 8.7
1955 5 10.2
1955 6 14.5
1955 7 17.8
1955 8 17.9
1955 9 14.5
1955 10 9.8
1955 11 6.8
1955 12 4.8
1956 1 2.2
1956 2 -6.4
1956 3 5.7
1956 4 5.9
1956 5 12.2
1956 6 12.8
1956 7 16.2
1956 8 14.2
1956 9 14.9
1956 10 9.9
1956 11 5.2
1956 12 5.3
1957 1 3.6
1957 2 5
1957 3 8.3
1957 4 8.6
1957 5 10
1957 6 15.9
1957 7 17.3
1957 8 15.4
1957 9 12.6
1957 10 10.6
1957 11 6.3
1957 12 3.1
1958 1 2.2
1958 2 3.8
1958 3 2.2
1958 4 6.3
1958 5 12
1958 6 14.4
1958 7 16.4
1958 8 17
1958 9 15.5
1958 10 10.8
1958 11 4.8
1958 12 4.5
1959 1 1.6
1959 2 0.7
1959 3 6.8
1959 4 9.6
1959 5 13.1
1959 6 16
1959 7 18.3
1959 8 17.6
1959 9 15.4
1959 10 11.2
1959 11 4.9
1959 12 4.1
1960 1 2.5
1960 2 2.9
1960 3 5.7
1960 4 9
1960 5 12.8
1960 6 16.1
1960 7 15.2
1960 8 15.6
1960 9 13.5
1960 10 10.7
1960 11 7.4
1960 12 3.2
1961 1 2
1961 2 5.9
1961 3 7.1
1961 4 10.4
1961 5 10.9
1961 6 15.5
1961 7 15.4
1961 8 15.8
1961 9 16.4
1961 10 11.2
1961 11 4.7
1961 12 1.7
1962 1 3.5
1962 2 2.8
1962 3 2
1962 4 7.8
1962 5 9.6
1962 6 14
1962 7 15
1962 8 15.2
1962 9 13
1962 10 10.8
1962 11 4.3
1962 12 -0.7
1963 1 -5.3
1963 2 -3.4
1963 3 4.2
1963 4 8.9
1963 5 11
1963 6 15.7
1963 7 16.4
1963 8 15.4
1963 9 14
1963 10 9.7
1963 11 8.5
1963 12 -1
1964 1 0.7
1964 2 3.5
1964 3 2.6
1964 4 8.6
1964 5 14.1
1964 6 15.1
1964 7 16.5
1964 8 15.7
1964 9 13.8
1964 10 7.6
1964 11 6.1
1964 12 2.2
1965 1 2.5
1965 2 2
1965 3 4.3
1965 4 7.6
1965 5 11.8
1965 6 14.7
1965 7 14.8
1965 8 15
1965 9 12.5
1965 10 9.7
1965 11 2.7
1965 12 4.4
1966 1 0.4
1966 2 4.1
1966 3 5.1
1966 4 8.3
1966 5 12.9
1966 6 16.8
1966 7 15.6
1966 8 15.8
1966 9 13.8
1966 10 11.2
1966 11 4.3
1966 12 4.4
1967 1 3
1967 2 5.1
1967 3 6.7
1967 4 7.4
1967 5 12.7
1967 6 14.4
1967 7 18.1
1967 8 16.5
1967 9 14.2
1967 10 11.9
1967 11 5.1
1967 12 3.4
1968 1 2.2
1968 2 1.4
1968 3 6
1968 4 9.1
1968 5 10.8
1968 6 15.2
1968 7 16.2
1968 8 17
1968 9 14.4
1968 10 11.8
1968 11 5.2
1968 12 0
1969 1 4.6
1969 2 0.2
1969 3 2.5
1969 4 8.1
1969 5 13.1
1969 6 15.5
1969 7 18.5
1969 8 18.1
1969 9 15.3
1969 10 13
1969 11 6.7
1969 12 -1.4
1970 1 0.6
1970 2 1.1
1970 3 3.2
1970 4 6.1
1970 5 13
1970 6 17.5
1970 7 15.7
1970 8 16.8
1970 9 14.2
1970 10 10.6
1970 11 7.4
1970 12 2.4
1971 1 2.3
1971 2 3.8
1971 3 2.7
1971 4 8.1
1971 5 13.7
1971 6 13.9
1971 7 17.2
1971 8 17.1
1971 9 13.3
1971 10 10.5
1971 11 5.7
1971 12 5.4
1972 1 0.5
1972 2 3.6
1972 3 6.2
1972 4 7.7
1972 5 11.8
1972 6 13.4
1972 7 17.2
1972 8 15.5
1972 9 11.9
1972 10 9
1972 11 6
1972 12 3.3
1973 1 2.9
1973 2 2.9
1973 3 5.3
1973 4 6.1
1973 5 12
1973 6 16
1973 7 17
1973 8 17.7
1973 9 14.9
1973 10 8.7
1973 11 5.1
1973 12 2.7
1974 1 5.2
1974 2 4.6
1974 3 5.6
1974 4 9.1
1974 5 11.6
1974 6 14.8
1974 7 15.4
1974 8 16.4
1974 9 12.7
1974 10 7
1974 11 6.5
1974 12 7.3
1975 1 6.2
1975 2 3.1
1975 3 4.7
1975 4 7.5
1975 5 11.1
1975 6 15.1
1975 7 17.8
1975 8 19.9
1975 9 15.2
1975 10 8.5
1975 11 5.2
1975 12 3.5
1976 1 4.2
1976 2 2.9
1976 3 3
1976 4 7.5
1976 5 13.3
1976 6 18
1976 7 19.3
1976 8 18
1976 9 13.8
1976 10 11.2
1976 11 6.9
1976 12 1.7
1977 1 3
1977 2 4.9
1977 3 7.1
1977 4 6.7
1977 5 11.9
1977 6 14.6
1977 7 17
1977 8 16.1
1977 9 13.4
1977 10 11.5
1977 11 6.8
1977 12 5
1978 1 3
1978 2 1.1
1978 3 6.6
1978 4 6.9
1978 5 12.1
1978 6 15
1978 7 15.4
1978 8 15.3
1978 9 13.7
1978 10 10.9
1978 11 6.3
1978 12 1.8
1979 1 -3.2
1979 2 -0.9
1979 3 4.7
1979 4 7.8
1979 5 11.5
1979 6 14.9
1979 7 15.9
1979 8 15.6
1979 9 13.9
1979 10 10.9
1979 11 5.6
1979 12 5.4
1980 1 0.2
1980 2 4.8
1980 3 4.7
1980 4 8
1980 5 12.3
1980 6 15
1980 7 15.8
1980 8 17
1980 9 15.3
1980 10 9.4
1980 11 4.9
1980 12 3.6
1981 1 2.7
1981 2 1.5
1981 3 8.1
1981 4 8.3
1981 5 13.3
1981 6 14.4
1981 7 16.3
1981 8 16.7
1981 9 14.7
1981 10 8.5
1981 11 6.7
1981 12 -0.7
1982 1 1.1
1982 2 2.8
1982 3 5.2
1982 4 7.6
1982 5 12.9
1982 6 16.6
1982 7 18.9
1982 8 17.2
1982 9 15.6
1982 10 11.1
1982 11 8.2
1982 12 3.4
1983 1 6.2
1983 2 0.9
1983 3 5.7
1983 4 8.5
1983 5 10.6
1983 6 16.4
1983 7 20.1
1983 8 18.1
1983 9 14.2
1983 10 10.4
1983 11 6.1
1983 12 3.8
1984 1 3.4
1984 2 2
1984 3 4
1984 4 7.9
1984 5 10.6
1984 6 13.8
1984 7 15.9
1984 8 18.1
1984 9 13.5
1984 10 11.7
1984 11 8.2
1984 12 4.3
1985 1 -3
1985 2 -0.6
1985 3 4.1
1985 4 8.5
1985 5 13.2
1985 6 13.7
1985 7 17.4
1985 8 15.9
1985 9 14.4
1985 10 10.3
1985 11 2.6
1985 12 5.7
1986 1 2.4
1986 2 -3.6
1986 3 4.2
1986 4 6.2
1986 5 13.3
1986 6 16.4
1986 7 17.2
1986 8 15.6
1986 9 11.6
1986 10 11.4
1986 11 7.9
1986 12 5.1
1987 1 -2.7
1987 2 2.1
1987 3 2.3
1987 4 10.7
1987 5 10.2
1987 6 13.8
1987 7 16.8
1987 8 16.2
1987 9 14.8
1987 10 10.8
1987 11 6.8
1987 12 4.4
1988 1 5.9
1988 2 4.6
1988 3 5.1
1988 4 8.7
1988 5 14.4
1988 6 14.8
1988 7 16
1988 8 16.6
1988 9 14
1988 10 10.9
1988 11 6.1
1988 12 7
1989 1 4.5
1989 2 5.3
1989 3 8.2
1989 4 6.9
1989 5 14.6
1989 6 15.7
1989 7 18.1
1989 8 17.2
1989 9 15.6
1989 10 12.4
1989 11 5.6
1989 12 4.8
1990 1 5.7
1990 2 7.6
1990 3 8.5
1990 4 8.9
1990 5 13.9
1990 6 15
1990 7 16.9
1990 8 18.5
1990 9 13.1
1990 10 12
1990 11 6.2
1990 12 4.2
1991 1 3.2
1991 2 -0.8
1991 3 8.8
1991 4 8.5
1991 5 10
1991 6 12.7
1991 7 19
1991 8 18
1991 9 15
1991 10 10.2
1991 11 5.3
1991 12 3.9
1992 1 2.7
1992 2 4.9
1992 3 6.9
1992 4 8.7
1992 5 15.6
1992 6 17.2
1992 7 18.3
1992 8 17.8
1992 9 14.6
1992 10 8
1992 11 8
1992 12 3.7
1993 1 5.1
1993 2 2.4
1993 3 5.8
1993 4 11.1
1993 5 14.3
1993 6 15.9
1993 7 16.1
1993 8 15.2
1993 9 13.1
1993 10 9
1993 11 2.2
1993 12 5.1
1994 1 5.2
1994 2 1.5
1994 3 7.3
1994 4 8.2
1994 5 12.4
1994 6 15
1994 7 21.4
1994 8 17.6
1994 9 13.6
1994 10 9.4
1994 11 10.2
1994 12 5.3
1995 1 3.8
1995 2 6.7
1995 3 5.5
1995 4 9.2
1995 5 12.8
1995 6 14.7
1995 7 20.1
1995 8 19.7
1995 9 14.2
1995 10 12.7
1995 11 6.8
1995 12 -0.9
1996 1 -0.1
1996 2 0.6
1996 3 3.2
1996 4 9.4
1996 5 10.7
1996 6 15.7
1996 7 16.3
1996 8 17.3
1996 9 12.5
1996 10 10.8
1996 11 5.9
1996 12 0.6
1997 1 -1.2
1997 2 6.2
1997 3 8
1997 4 7.8
1997 5 12.8
1997 6 16
1997 7 17.4
1997 8 20.5
1997 9 14.3
1997 10 9.7
1997 11 6.7
1997 12 5
1998 1 4.7
1998 2 6.4
1998 3 7.6
1998 4 9.4
1998 5 14.9
1998 6 15.8
1998 7 16.3
1998 8 16.5
1998 9 15
1998 10 9.9
1998 11 3.7
1998 12 4.6
1999 1 5.2
1999 2 3.1
1999 3 7.3
1999 4 9.8
1999 5 14.2
1999 6 15
1999 7 19.1
1999 8 17.5
1999 9 17.4
1999 10 10.6
1999 11 6.7
1999 12 4.8
2000 1 4.3
2000 2 5.9
2000 3 6.8
2000 4 10
2000 5 14.7
2000 6 16
2000 7 15.5
2000 8 17.4
2000 9 15.8
2000 10 11.3
2000 11 7.8
2000 12 5.1
2001 1 2.6
2001 2 4.5
2001 3 4.9
2001 4 8.3
2001 5 14.1
2001 6 15.2
2001 7 18.5
2001 8 18.5
2001 9 13.4
2001 10 14.2
2001 11 7.1
2001 12 2.9
2002 1 4.4
2002 2 7.1
2002 3 7.2
2002 4 9.3
2002 5 13.4
2002 6 16.5
2002 7 17.6
2002 8 18.6
2002 9 14.6
2002 10 9.5
2002 11 7.9
2002 12 2.9
2003 1 2.5
2003 2 1.8
2003 3 7.3
2003 4 9.9
2003 5 13.2
2003 6 17.8
2003 7 18.8
2003 8 19.3
2003 9 13.9
2003 10 7.5
2003 11 8
2003 12 4
2004 1 3.6
2004 2 4.8
2004 3 5.9
2004 4 10.4
2004 5 12.3
2004 6 15.5
2004 7 16.7
2004 8 18.8
2004 9 15.2
2004 10 11.3
2004 11 6.3
2004 12 3.2
2005 1 5.3
2005 2 2.4
2005 3 6.5
2005 4 10.4
2005 5 12.6
2005 6 16.8
2005 7 17.7
2005 8 16.2
2005 9 15.7
2005 10 13.3
2005 11 6.9
2005 12 4
2006 1 1.5
2006 2 2.9
2006 3 3.9
2006 4 9
2006 5 14.5
2006 6 16.7
2006 7 22.3
2006 8 16.4
2006 9 17.9
2006 10 13.6
2006 11 9.2
2006 12 6.5
2007 1 7.1
2007 2 6
2007 3 8
2007 4 13.1
2007 5 14.1
2007 6 17.5
2007 7 17
2007 8 17.1
2007 9 13.8
2007 10 10.1
2007 11 6.9
2007 12 3.8
2008 1 6.5
2008 2 5.1
2008 3 5.9
2008 4 8.9
2008 5 15.7
2008 6 16.5
2008 7 18.1
2008 8 17.4
2008 9 13.6
2008 10 10.1
2008 11 6.9
2008 12 2.4
2009 1 0.8
2009 2 3.3
2009 3 6.3
2009 4 12.2
2009 5 13.9
2009 6 15.6
2009 7 18.1
2009 8 18.5
2009 9 15
2009 10 10.7
2009 11 9.5
2009 12 2.2
2010 1 -0.5
2010 2 1.6
2010 3 6.4
2010 4 9.7
2010 5 10.5
2010 6 16.4
2010 7 19.9
2010 8 16.8
2010 9 13.6
2010 10 10.4
2010 11 5.8
2010 12 -1.1
2011 1 3.5
2011 2 4.6
2011 3 6
2011 4 13.1
2011 5 14
2011 6 16.1
2011 7 15.9
2011 8 16.9
2011 9 15.6
2011 10 11.4
2011 11 7.2
2011 12 6.5
2012 1 4.9
2012 2 0.8
2012 3 8.3
2012 4 8.4
2012 5 14.5
2012 6 14.9
2012 7 17.3
2012 8 18.5
2012 9 14.2
2012 10 10.5
2012 11 6.8
2012 12 5