"AT" "WT00" "WT10" "WT25" "WT50" "WT75"
-1.521 3.502618 3.435816 3.335614 3.508339 3.476788
4.3768 3.748019 3.734667 3.71464 3.7497 3.736675
6.9032 4.259038 4.250524 4.237754 4.151777 3.606108
12.71 8.926123 8.89402 8.845866 8.659674 6.662916
15.8887 14.5887 14.58474 14.57881 14.17901 12.24346
16.6983 18.41571 18.30174 18.1308 17.59201 10.1677
19.9371 21.23446 20.99752 20.64211 19.13985 15.18963
18.4 21.31526 21.27082 21.20416 20.89223 17.12696
16.0617 18.87968 18.8837 18.88973 18.67233 18.07024
9.1742 14.32505 14.28993 14.23725 14.13483 14.38477
4.385 9.095476 9.054275 8.992472 9.007186 9.039542
-0.7177 6.144545 6.149653 6.157313 6.237238 6.076873
-2.6855 4.287022 4.319637 4.368538 4.206023 3.64376
-1.4179 3.28445 3.306902 3.340541 2.734281 1.987234
6.2532 3.674691 3.665698 3.652173 2.76031 2.15371
12.8317 6.226006 6.180564 6.112414 5.416568 5.262139
15.921 13.40183 13.38928 13.37052 12.49554 9.452444
19.64 20.99375 21.06205 21.16622 19.61092 12.04949
21.2452 23.3428 23.44307 23.59885 22.06303 13.99873
21.8435 21.81123 21.90462 22.05373 20.99599 15.10749
18.4833 18.13191 18.19501 18.30007 17.84364 15.04881
10.3323 13.9774 14.00201 14.0464 13.99962 13.54706
6.9183 10.81541 10.78233 10.73259 10.66934 10.60613
2.0726 8.733723 8.522611 8.201342 7.94043 7.695147
3.9968 7.303243 6.901116 6.293705 5.900507 5.689001
2.519 6.34896 5.958557 5.37113 5.033334 4.94432
9.5355 5.732882 5.713858 5.685201 5.668193 5.662323
10.9683 10.24775 9.886488 9.3446 8.924837 7.847563
15.7581 17.0207 16.98097 16.92138 16.9319 15.08649
16.985 17.45284 17.30832 17.09155 17.17926 17.0703
16.6419 16.83151 16.37709 15.69546 15.09645 14.43854
18.6258 20.78144 20.07535 19.01625 18.34415 16.17266
15.5567 17.89211 17.74764 17.53086 17.10119 15.6295
11.3581 14.70849 14.70997 14.71243 14.72759 14.77888
5.0667 10.81334 10.8102 10.80697 10.80046 10.7951
0.5355 6.898859 6.935631 7.009064 7.070762 7.089069
1.0581 3.227668 3.509522 3.952089 4.449188 4.633085
2.5339 1.992535 2.374038 2.954861 3.633321 3.870249
4.3694 4.846012 4.761714 4.635704 4.489407 4.3172
13.1183 10.38524 9.633694 8.506537 7.32008 6.547876
12.95 15.39854 14.59258 13.38356 12.21159 11.58225
17.465 20.41328 19.7856 18.84398 17.71693 17.28092
21.0387 23.12527 22.77279 22.24407 21.35473 19.27499
20.0097 23.22373 23.02201 22.71941 22.3737 19.08746
18.3567 21.6176 21.34133 20.92692 20.97271 20.73778
12.4661 15.53888 15.37274 15.12358 15.22072 15.87746
3.6183 9.11343 9.107413 9.09838 9.100303 9.124566
3.0516 6.256496 6.277244 6.308246 6.258231 6.048998
-0.371 5.484354 5.468404 5.444487 5.394568 5.33037
3.8804 4.571059 4.562948 4.550909 4.532732 4.527145
6.3129 5.162306 5.106734 5.026576 4.891876 4.747304
7.5883 6.854161 6.784451 6.681016 6.461968 6.065709
15.2435 15.11521 14.3725 13.25819 9.561351 8.086904
19.34 20.1506 19.79712 19.267 17.82759 14.55387
20.929 22.53209 22.49929 22.45004 22.55871 19.56914
18.8742 23.12741 22.90315 22.56674 21.97765 20.9074
14.2783 18.45009 18.35619 18.21542 17.99239 17.67639
9.5032 13.66666 13.69806 13.74485 13.82011 13.73974
4.7817 9.585356 9.586348 9.589373 9.594306 9.636583
-1.6871 5.864912 5.879867 5.894854 5.924746 5.94496
1.5806 4.502834 4.508636 4.514628 4.526461 4.536374
2.6 4.221747 4.223555 4.226447 4.231143 4.231294
3.9 4.440532 4.42843 4.410223 4.379915 4.374624
8.6817 6.362964 6.262752 6.112452 5.86194 5.746283
12.4984 12.323 12.24474 12.12734 11.93167 10.31295
16.19 19.01249 18.6577 18.1255 17.23852 13.14807
18.6629 21.73095 21.50041 21.1546 20.57822 18.44308
18.0935 20.24423 20.17236 20.06455 19.88491 17.13895
15.6183 18.73716 18.74889 18.76649 18.79585 18.30834
8.2484 13.8485 13.83204 13.80733 13.76696 13.71501
6.735 9.599184 9.602238 9.606911 9.610086 9.627102
0.5597 6.708225 6.70681 6.704428 6.713384 6.709736
-0.4742 4.927324 4.928358 4.930188 4.921664 4.922517
-0.5276 3.32724 3.352802 3.395488 3.443142 3.510728
5.721 4.68427 4.641627 4.578409 4.313527 4.209169
11.2317 11.45364 11.20304 10.82702 7.759976 6.567183
14.3016 15.58352 15.33809 14.96993 14.39364 12.64923
17.8567 20.87698 20.31484 19.47154 18.57236 16.88975
21.4032 24.22897 23.75565 23.0458 21.76006 18.60542
19.7984 23.05389 23.02277 22.97583 22.9117 20.19706
12.0883 17.82301 17.86376 17.92666 18.02106 17.96247
9.1177 10.95444 10.9391 10.92113 10.87883 10.82631
2.925 7.222801 7.219537 7.220072 7.206237 7.205374
0.2871 5.471255 5.482938 5.499767 5.529475 5.557654
-2.4403 3.932789 3.943507 3.944631 3.960336 3.969017
-0.1196 3.132169 3.137906 3.133189 3.174046 3.191895
6.7242 3.602582 3.53516 3.432197 3.438671 3.423755
10.5333 7.8122 7.568393 7.202062 6.603271 6.163688
14.9694 13.68941 13.29031 12.68764 11.6773 10.75041
15.575 18.82817 18.02192 16.81266 14.79694 13.93727
18.9258 20.04943 19.32684 18.24295 16.4367 15.01343
18.3935 20.0761 20.11451 20.17194 20.26703 18.57665
15.81 18.94982 18.92845 18.89841 18.85285 18.48462
11.0645 14.54829 14.56189 14.58754 14.63031 14.67582
3.5233 10.7262 10.73923 10.76323 10.79126 10.82566
1.9613 6.583143 6.598256 6.616268 6.653257 6.689867
-2.5694 4.178473 4.195205 4.207807 4.245496 4.270132
-1.1625 2.408776 2.444624 2.496388 2.585263 2.673669
6.871 3.337136 3.370231 3.408361 3.486559 3.517447
6.6067 6.540358 6.32996 6.018213 5.488 5.322144
12.2339 15.58065 14.69402 13.36405 11.14747 9.870618
16.6883 16.67968 16.61542 16.51917 16.35846 13.99398
16.2532 16.73702 16.68092 16.59669 16.45647 13.47616
16.7016 18.34339 18.30923 18.25806 18.1726 15.93688
15.445 17.76031 17.75799 17.75464 17.74872 16.99776
10.4242 12.72437 12.72603 12.72952 12.73268 12.77814
5.16 10.21362 10.22243 10.23979 10.25765 10.29413
3.1113 6.986876 6.986425 6.986903 6.98462 6.981738
-0.0161 4.99809 4.987565 4.975397 4.945465 4.92573
0.9286 4.381349 4.390258 4.404952 4.425897 4.439412
2.8258 3.81938 3.798554 3.770709 3.71525 3.697557
8.8983 7.665825 7.65593 7.64012 7.616354 7.160471
12.4274 15.63655 15.26381 14.70471 13.77282 12.1058
16.6717 19.26398 18.47229 17.28473 15.30553 13.5289
18.3194 18.73275 18.51192 18.1807 17.62861 16.7705
17.4581 20.14829 20.0255 19.84126 19.53432 17.51304
14.685 18.41763 18.36058 18.27512 18.13245 16.86535
8.8871 13.34558 13.33694 13.32323 13.30191 13.4544
2.9067 9.616687 9.618947 9.62482 9.629356 9.602252
3.7597 6.400534 6.410479 6.427833 6.447801 6.468649
2.2516 5.154276 5.163007 5.161378 5.178604 5.195923
-8.2552 3.888053 3.907365 3.926651 3.973167 4.068339
5.0661 2.20838 2.325916 2.50307 2.797044 3.019413
7.5167 3.935997 3.937506 3.940124 3.943952 3.953774
13.479 12.55156 11.95918 11.07045 9.589479 8.549903
14.17 15.25322 15.05369 14.75442 14.25558 11.9806
17.9742 17.77649 17.77837 17.78118 17.78588 15.18742
16.1645 19.81525 19.60392 19.28692 18.7586 16.93683
16.0933 17.25999 17.22382 17.16952 17.07915 16.1176
8.5065 14.17165 14.1864 14.2082 14.24537 14.00334
2.1433 9.030822 9.03636 9.048716 9.058514 9.080497
1.2581 5.641308 5.652124 5.668343 5.695499 5.715035
-0.821 3.425132 3.495733 3.601086 3.778375 3.939161
4.8375 3.318205 3.338204 3.368389 3.416977 3.550857
9.1984 5.62299 5.611289 5.593711 5.566137 5.266521
9.1183 10.76595 10.28305 9.558706 8.346088 7.566566
10.4871 12.92408 12.77049 12.5401 11.99707 10.78194
17.3833 18.39546 18.20107 17.90949 15.95132 12.7459
18.5258 24.63224 23.97085 22.97877 19.62149 16.4823
16.9903 19.61226 19.48003 19.2818 18.3751 17.21988
14.315 17.01903 17.04138 17.07465 16.88244 16.16359
9.7565 13.51289 13.48819 13.45164 13.37493 13.18093
3.935 9.640043 9.678526 9.74117 9.833744 9.936018
0.8484 5.961097 5.959852 5.961471 5.95715 5.958358
0.1629 4.69544 4.693731 4.691304 4.686474 4.68389
4.1125 4.185674 4.193317 4.204779 4.226765 4.235446
1.4484 3.516513 3.580459 3.676378 3.82264 3.866057
6.3233 5.767157 5.633565 5.433178 5.141585 5.049496
15.35 12.1386 11.85667 11.43378 10.1308 8.494821
15.85 17.23518 16.95497 16.53465 15.01032 13.6551
18.879 20.45388 20.11151 19.59796 18.20007 15.81427
18.9823 22.5194 22.5226 22.5274 21.49761 16.33184
16.7283 20.65022 20.68051 20.72593 20.61589 19.39874
8.9 14.18446 14.1869 14.19055 14.21168 14.22262
3.815 9.636292 9.636502 9.636632 9.64546 9.706064
2.621 6.722083 6.722967 6.72304 6.775 6.862181
0.4242 4.811297 4.811382 4.811274 4.820769 4.833391
2.5018 4.328868 4.320231 4.311274 4.200209 4.132017
8.1758 5.568297 5.512686 5.432242 5.384431 5.267802
10.4017 10.75563 10.69815 10.61121 9.188698 7.769018
14.0871 16.76638 16.76246 16.75657 14.65434 10.60752
17.1983 19.31266 19.25018 19.15645 18.4037 13.83814
20.3887 21.58789 21.49816 21.36357 19.28965 17.45848
18.2613 20.426 20.44931 20.48428 20.21532 20.05476
16.1117 19.8613 19.87316 19.89095 19.95217 19.12429
9.6677 15.03679 15.1353 15.28309 15.27508 15.1688
2.5733 9.508496 9.511295 9.515435 9.505681 9.528107
2.9419 6.239976 6.232221 6.222045 6.202051 6.265998
0.2226 5.054757 5.060171 5.074105 5.049805 5.054991
2.8362 4.439758 4.428501 4.417832 4.316292 4.278221
7.0694 3.997457 4.009448 4.028701 4.063669 4.059973
9.2033 8.970792 8.975505 8.982377 6.881196 6.309128
14.7694 16.47745 16.46641 16.4499 12.12511 10.06011
17.8217 21.79592 21.53812 21.15139 18.89296 15.24321
16.4774 18.92109 18.87518 18.80631 18.69892 18.16462
17.8871 19.03033 18.74945 18.32812 18.35142 16.74457
13.3067 16.63705 16.62848 16.61567 16.69466 16.7095
9.7935 13.30546 13.21441 13.07747 13.04374 12.97219
6.9667 9.151516 9.12747 9.091747 9.04561 9.036263
0.8919 6.496361 6.506336 6.525975 6.543788 6.578388
0.129 4.934276 4.935617 4.941821 4.919517 4.898624
6.1107 5.351669 5.255024 5.110421 4.876254 4.651126
7.7403 7.431747 7.215127 6.890163 6.034942 5.64574
12.515 11.51588 11.44563 11.34029 9.492983 8.189153
12.2081 11.18559 11.09529 10.95984 11.03154 9.488023
17.2683 18.51767 18.24434 17.83433 16.07843 13.49945
17.2597 23.96326 23.76742 23.47365 19.8083 16.61462
17.7823 22.09273 22.0511 21.98865 20.01571 19.25364
18.9967 21.65172 21.58106 21.47507 19.89037 19.8736
11.4919 16.83929 16.84051 16.84235 16.86989 16.78523
4.43 10.44394 10.47555 10.52296 10.61831 10.6144
1.3758 7.072648 7.132089 7.22125 7.376665 7.364982
2.0048 4.874212 4.852155 4.81907 4.738121 4.652147
0.6089 4.164139 4.183033 4.211374 4.242736 4.279795
1.9565 3.963369 3.976823 3.997005 4.034953 4.071791
9.6133 10.83687 10.24864 9.366288 7.294004 5.140408
11.3952 11.50155 11.36496 11.16007 10.67767 10.07175
15.8783 14.75791 14.72377 14.67257 14.55372 14.24754
17.7129 18.45814 18.37558 18.25175 17.9419 17.49072
19.529 23.16681 23.07249 22.93107 22.23944 19.81944
14.7333 19.72526 19.74255 19.76823 19.31419 16.76415
10.5129 14.63584 14.53699 14.38899 14.68391 14.36686
2.6267 10.05 10.03124 10.00184 10.02358 10.15129
-3.1161 5.003387 5.0321 5.100593 5.252899 5.3811
-5.5645 2.664619 2.779214 2.861887 2.920773 2.986901
-3.2339 0.06327046 0.3915572 0.6703749 0.863852 0.9687518
4.1565 3.374953 3.221207 2.976238 2.533859 2.397842
10.07 8.416501 7.710481 6.660392 5.31777 4.74735
12.3887 12.56962 12.33359 11.97908 11.45783 10.4422
16.715 17.39205 16.78503 15.87485 12.46153 9.732372
19.471 21.85595 21.68367 21.42518 18.82818 15.80134
17.0565 21.16543 21.19624 21.24246 20.88602 20.05112
15.4317 17.01829 16.97974 16.9219 16.84228 16.67027
9.8323 14.19625 14.15393 14.09052 14.0684 14.07156
8.115 10.69419 10.66382 10.61812 10.54302 10.54089
-2.4935 6.574853 6.597892 6.633623 6.697164 6.717635
-2.8935 3.827436 3.858942 3.910827 3.949063 4.016271
2.7103 3.183187 3.221995 3.281503 3.305878 3.339417
3.2 3.784043 3.781554 3.777751 3.650842 3.657449
10.3533 7.714401 7.617423 7.471969 5.36063 5.054882
14.9161 12.88019 12.79372 12.66402 11.51618 8.658994
18.01 20.30159 20.20645 20.06375 19.54519 15.89414
20.4452 21.17331 21.14834 21.11089 19.96831 19.78033
17.7081 20.81775 20.77854 20.71972 20.2258 19.28947
15.3933 18.17311 18.22088 18.29252 18.32361 18.46758
8.1855 13.95371 13.95661 13.96097 14.04877 14.06789
5.42 8.910374 8.91764 8.928541 8.948469 8.973673
-0.171 6.028835 6.062799 6.113746 6.201295 6.340717
1.3226 4.733766 4.737758 4.743746 4.757428 4.825462
-1.9607 3.230146 3.260025 3.304842 3.377977 3.468517
4.7258 3.652451 3.663281 3.679527 3.708569 3.698872
7.505 4.93788 4.955455 4.981817 4.999384 4.986704
12.321 10.98355 10.72431 10.33544 9.604769 9.120039
16.9617 16.1474 15.8902 15.5044 13.47345 12.49969
16.9726 18.36448 18.25769 18.0975 17.54177 16.9434
17.0403 19.8912 19.87569 19.85242 19.86007 19.08023
13.2433 16.27668 16.28491 16.29726 16.29244 16.1278
9.5484 12.98149 13.05231 13.15853 13.28366 13.16957
3.6733 9.495307 9.503777 9.516482 9.49705 9.447554
3.0097 5.910057 5.946375 6.000853 6.089516 6.187978
-1.9242 4.30906 4.351893 4.416141 4.502578 4.577884
6.5714 4.64789 4.624143 4.588521 4.557241 4.464541
4.4903 5.106438 5.139722 5.189647 5.220266 5.047896
10.9483 9.751239 9.343696 8.732382 8.169767 7.555781
14.0468 18.00942 17.09934 15.73421 14.8879 13.7806
17.6917 19.44475 19.21249 18.86409 18.70369 18.11923
16.671 19.80032 19.64991 19.42431 17.94727 16.93907
16.2758 18.90571 18.8043 18.65219 18.68093 18.13783
16.125 17.54757 17.50472 17.44045 17.4149 17.87296
12.9919 16.19184 16.14768 16.08145 15.92303 13.65665
2.9133 10.3286 10.33313 10.33993 10.39756 9.338898
2.1323 6.264292 6.254185 6.239025 6.206423 6.329346
0.7581 4.74206 4.737396 4.730401 4.720833 4.731144
3.3214 4.103283 4.301061 4.597728 4.972494 4.678674
6.6871 4.198903 4.515273 4.989828 5.589439 5.160115
8.035 9.079791 8.204758 6.892208 4.501187 5.33991
13.3806 14.01487 13.83869 13.57441 10.30094 9.182446
15.6667 16.96803 16.36454 15.45931 15.19096 14.5937
20.4871 22.80111 21.96494 20.71068 19.88092 17.43242
18.179 20.13657 20.03491 19.88242 19.75552 19.46733
14.6933 16.94615 16.94268 16.93746 16.97126 16.88623
13.3903 15.47668 15.44932 15.40828 15.44456 15.1355
4.6717 11.08477 11.08674 11.08969 10.99167 10.97759
-0.6726 6.783975 6.800242 6.824642 6.86534 6.854123
-0.4597 4.598624 4.668512 4.773345 4.799804 4.792071
2.5759 3.696598 3.744217 3.815646 3.899385 3.897802
5.6984 4.146795 4.075447 3.968425 4.299097 3.938597
10.57 12.04652 11.86682 11.59727 8.836602 7.721614
12.7161 13.68911 13.45632 13.10714 12.45749 11.14429
16.6567 16.69263 16.55383 16.34562 16.07755 15.12411
17.9758 19.31653 19.29757 19.26914 19.15497 18.13818
16.6548 18.13447 18.03545 17.88693 17.87043 17.52562
14.2217 17.79772 17.77863 17.74999 17.72525 17.71453
12.0903 14.87778 14.87992 14.88313 14.9727 14.79897
4.3333 9.622372 9.620677 9.618135 9.634761 9.59537
-0.6806 6.064352 6.066553 6.069853 6.056532 6.156277
0.7065 4.518572 4.517649 4.516264 4.515352 4.594423
-0.0446 3.999567 3.998167 3.996067 3.991443 4.005238
4.579 4.070513 4.099326 4.142544 4.218848 4.222113
8.2017 5.916115 5.809992 5.650807 5.422009 5.454012
14.5565 15.13018 14.31925 13.10284 11.47399 11.22038
14.505 16.11343 16.0943 16.06559 15.7683 13.47499
19.4226 21.56076 21.68799 21.87884 20.18352 16.52195
17.2742 20.82972 20.77958 20.70435 19.88684 16.99558
15.9917 17.76455 17.85385 17.9878 17.96226 16.89937
11.2242 15.18858 15.20085 15.21924 15.3697 15.31541
5.5583 10.29489 10.26541 10.22119 10.22656 10.17507
-3.6371 6.253039 6.131641 5.949543 5.946578 6.1045
-0.2419 4.223014 4.199766 4.164892 4.161813 4.283338
1.1821 3.604884 3.641237 3.695768 3.795085 3.858823
2.671 3.345953 3.381685 3.435283 3.313265 3.645985
6.805 4.730135 4.691465 4.633461 4.659295 4.629188
11.9355 10.58039 10.44317 10.23735 10.66225 8.830079
18.2117 19.28329 19.13288 18.90725 15.72165 13.0063
18.0694 19.2152 18.28852 16.89852 12.35553 9.238024
18.3323 19.97743 19.64892 19.15615 17.95957 15.73559
15.78 17.96331 18.17549 18.49378 18.34866 17.81742
9.8081 13.7243 13.7646 13.82505 13.85909 13.85398
6.2983 9.735364 9.730621 9.723507 9.756685 9.58513
-0.3823 6.536154 6.625457 6.759413 6.981151 6.965555
-1.3548 4.395238 4.429526 4.480959 4.593912 4.618629
0.1429 3.475829 3.480835 3.488344 3.522766 3.529464
1.0387 2.260933 2.372731 2.54043 2.934754 3.166384
11.0267 9.327528 9.15958 8.907658 6.301099 5.712462
14.6806 16.77352 16.70155 16.59359 13.92389 9.766127
14.6717 16.30987 16.34376 16.3946 14.74821 11.10662
19.2242 19.78032 19.75482 19.71657 19.03427 15.67619
18.7903 22.32477 22.26628 22.17854 21.89462 20.14521
13.72 17.33594 17.29207 17.22627 18.07603 17.92607
10.9242 15.4417 15.4265 15.40371 15.42144 15.42167
3.52 10.91337 10.82265 10.68657 10.77199 10.77999
1.6242 7.17501 7.092764 6.969396 7.190847 7.212853
0.0823 4.979039 4.998619 5.02799 5.078583 5.05091
3.9121 4.361731 4.357026 4.349969 4.296501 4.333866
7.2339 5.058247 5.116845 5.204743 5.369966 5.142219
7.8533 8.960176 8.641847 8.164353 7.663506 7.196186
11.9516 12.17448 11.7083 11.00902 9.708291 9.07118
14.6483 16.25472 15.86834 15.28877 14.52402 13.55962
17.55 22.43527 22.13089 21.67432 20.06643 17.68168
16.5806 21.42835 21.39269 21.33921 20.19847 18.20372
11.6333 16.4703 16.38031 16.24531 16.28407 16.17226
7.7726 12.87459 12.84839 12.80913 12.6477 12.60232
5.12 9.174058 9.164884 9.150997 9.187632 9.12388
-0.2468 6.391729 6.4478 6.532669 6.52463 6.532718
-0.7339 4.76777 4.824195 4.906429 4.91823 4.922454
0.3964 4.297305 4.310228 4.339427 4.31034 4.301743
3.4952 4.430853 4.384975 4.345363 4.289696 4.339138
5.6483 5.617661 5.578848 5.520643 5.402073 5.037057
14.0194 12.14148 12.1152 11.97578 11.30201 9.093716
16.6383 19.34208 19.02286 18.70661 16.88615 15.14855
17.6016 20.71137 20.43829 20.02316 18.7539 17.49287
19.4677 21.39476 21.11354 20.59877 19.36489 18.51367
15.6867 20.11139 19.91469 19.79034 19.70909 19.22859
8.1016 14.38243 14.28392 14.15664 14.24431 14.21231
3.9217 8.481317 8.430562 8.461801 8.49104 8.482201
0.8403 5.617454 5.557501 5.536473 5.520258 5.533797
3.2097 4.867112 4.864653 4.857992 4.855289 4.84098
3.2804 4.403511 4.393642 4.423373 4.428049 4.489987
7.4935 5.739861 5.483607 5.469227 5.228974 4.790621
8.8333 10.41745 10.01536 9.614296 8.982936 6.641534
11.8371 13.6445 13.29187 12.68996 11.76783 10.37013
14.8567 18.18594 17.90736 17.41149 16.37394 14.39332
17.5177 19.22454 19.1296 19.02763 18.19794 17.10747
18.871 20.9769 20.80737 20.6821 19.88069 18.60366
14.3233 18.94194 18.87299 18.90226 18.67888 18.14314
5.3048 11.85752 11.94548 12.03741 11.95489 11.85849
4.8083 8.100356 8.006393 7.975173 7.927759 7.922747
4.3532 6.13175 6.139387 6.175239 6.178905 6.143477
3.821 5.076313 5.090564 5.11894 5.162093 5.207676
2.6893 4.948274 4.906572 4.907691 4.910408 4.956353
4.0113 4.781215 4.780155 4.779309 4.779485 4.860032
8.01 7.037103 7.007957 6.967061 6.745648 6.230071
13.0081 14.48256 14.44927 14.38384 13.36639 11.35898
14.62 16.57225 16.5261 16.48777 14.67589 13.65844
18.1532 20.78061 20.36189 19.74152 17.68184 15.92281
18.0161 20.54993 20.49501 20.3263 19.96877 18.5298
16.7983 18.74712 18.63353 18.45198 18.05671 17.66705
8.3806 14.12615 13.96223 13.71798 13.0694 13.20788
4.6467 10.24624 10.2075 10.08812 10.07677 10.28623
-0.371 7.666605 7.678941 7.674812 7.689219 7.688019
1.6887 5.243053 5.232261 5.24894 5.227809 5.215372
1.6276 4.461441 4.349592 4.42871 4.367522 4.426029
4.2113 5.238028 5.378662 5.382489 5.240391 4.667875
8.41 10.52771 9.599852 9.304665 8.690515 7.706261
13.8065 14.26301 12.66966 12.29959 11.9488 9.933267
18.3217 20.66376 20.48558 20.38568 20.06793 13.19664
19.6629 24.97529 24.08984 23.75303 23.339 18.47998
16.179 19.25933 19.148 19.15285 18.96601 18.58381
13.22 18.06172 17.90157 17.97455 17.82731 17.70368
11.0839 14.76705 14.82107 14.81509 14.8305 14.77283
4.695 10.34607 10.41528 10.41908 10.38404 10.38956
-1.3274 6.489322 6.483968 6.480673 6.370206 6.367934
1.0694 4.58615 4.603321 4.621112 4.580959 4.591562
5.0732 4.710547 4.673952 4.632938 4.562128 4.535752
7.9306 6.120251 6.089089 6.05789 5.780673 5.707433
6.7083 8.840596 8.540928 7.668565 7.184678 7.168035
12.1597 13.47031 12.86952 11.53948 11.15732 10.89615
16.0017 17.68501 17.70431 17.73007 17.14969 15.81213
17.5145 21.33037 21.35672 21.16445 19.71771 17.24361
16.3903 21.757 21.62415 21.53697 21.11469 19.41618
13.1333 19.55042 19.12475 18.67524 18.27162 17.7637
11.2919 14.27318 14.09362 14.16213 14.15421 14.03411
5.7267 11.79053 11.63904 11.63476 11.5803 11.58139
1.9532 7.132285 7.1388 7.13704 6.948547 6.952218
0.3548 5.792451 5.817589 5.836272 5.74759 5.736208
0.0429 4.579265 4.656701 4.76046 4.802248 4.848692
5.3435 5.796435 5.783488 5.548041 5.258232 4.90793
7.6017 8.459205 8.49189 7.945562 7.780716 7.37984
11.2371 13.63946 13.3896 12.86882 11.59486 11.03027
14.755 19.70853 19.29226 18.41454 15.64414 13.32666
16.6565 19.86707 19.93843 19.53937 18.43829 15.65023
15.9952 21.78883 21.55819 21.53694 19.94141 17.80939
13.86 16.68836 16.4227 16.34616 16.50622 16.65207
8.7952 13.27053 13.31854 13.33156 13.35191 13.32688
3.6517 9.884059 9.848304 9.84753 9.847172 9.92822
1.8806 6.30947 6.226021 6.223732 6.236989 6.224553
-2.5645 4.88747 4.722609 4.730495 4.683622 4.682686
2.3268 4.733186 4.495216 4.476765 4.297866 4.301788
5.65 4.7823 4.674769 4.563488 4.474766 4.442875
6.8217 7.231917 6.760902 5.985115 5.71251 5.87226
12.771 14.32619 14.00888 12.74235 10.17959 9.10197
16.6717 18.83654 18.77187 18.46966 15.54602 13.7926
17.5113 18.92846 18.99428 18.87488 19.11082 17.37727
16.1887 23.68083 23.4582 23.23352 22.60519 18.75862
14.4317 20.3805 19.8263 19.67084 19.50144 18.81364
10.2935 13.77131 13.81883 13.81063 13.59939 13.4368
3.9717 9.798166 9.720137 9.610005 9.247306 9.108563
3.8919 7.37825 7.228089 7.162078 7.222231 7.234967
-0.9903 5.222748 5.22739 5.22995 5.194012 5.203335
3.9655 4.534911 4.530714 4.524829 4.455914 4.398172
5.3194 4.367699 4.377998 4.405337 4.397225 4.438112
6.2567 6.378372 6.350139 6.266932 6.111099 5.741164
11.1452 11.63271 11.55424 11.3 10.75224 9.490864
14.6167 13.72316 13.77594 13.75415 13.32438 13.55354
15.5323 16.571 16.44306 16.37937 16.18656 14.80386
18.2952 20.67956 20.40499 20.26752 19.65907 16.75774
15.695 18.25025 18.29821 18.32217 18.18488 17.88334
8.8355 14.6157 14.61133 14.60941 14.6163 13.34812
3.2033 8.329834 8.331783 8.33154 8.292235 8.419157
-0.1613 6.067816 6.066897 6.073332 5.970534 5.917469
-2.0806 4.741585 4.741733 4.725806 4.62556 4.617836
-0.6571 3.385736 3.385499 3.438146 3.590615 3.648856
7.8065 6.442617 6.422158 5.6475 4.582451 4.128135
9.8733 13.32586 12.93765 11.01051 8.500259 7.191497
12.5161 14.84493 13.92707 13.05852 12.57313 10.9783
15.75 20.96125 20.37949 19.92965 18.31141 15.52494
16.5306 22.42259 21.64529 20.98329 18.71117 17.35908
17.9032 22.69261 22.26973 21.20329 19.0394 17.2471
14.505 18.87787 18.80894 18.83902 18.7107 18.24094
9.5484 14.38637 14.38777 14.37208 14.2816 13.51572
5.005 8.735605 8.731846 8.743663 8.77445 8.850332
0.8645 5.260137 5.260376 5.263024 5.269301 5.296377
0.3984 4.753024 4.712152 4.712349 4.727513 4.729588
1.0018 4.00209 3.934828 3.935163 3.85434 3.857829
4.5016 3.720354 3.738102 3.735382 3.882634 3.854219
7.7317 5.72828 5.729326 5.730794 5.505058 5.50708
13.2613 14.08571 14.10512 14.04654 12.59018 11.43142
17.11 21.54985 21.49137 21.08862 20.10341 16.56965
19.4613 21.52496 21.37738 20.92891 19.95089 17.21238
17.2274 20.7112 20.77209 20.74667 20.57111 19.88738
16.5383 18.72839 18.80779 18.80282 18.81768 18.82911
9.7871 15.49741 15.68201 15.68227 15.68037 15.67331
6.26 10.2886 10.50399 10.50586 10.50704 10.52029
2.9677 7.212941 7.199382 7.194547 7.194036 7.15951
3.1032 5.53195 5.573008 5.610521 5.613003 5.539857
-1.3786 4.623964 4.711579 4.794403 4.783701 4.778266
5.9629 4.658777 4.608795 4.59024 4.421923 4.459198
9.5083 6.227476 6.167116 6.173672 5.880504 5.791144
10.8435 13.25987 12.83409 12.11631 10.20297 9.52983
17.185 19.80311 18.93856 17.69148 14.81894 13.41643
22.2855 22.00542 21.80424 21.75272 21.50175 19.77598
18.6258 22.23768 21.92851 21.8474 21.45389 20.88074
15.025 19.30325 19.32319 19.33149 19.36464 19.22855
10.2097 16.07549 16.08127 16.07668 16.05139 16.10079
3.3633 10.27581 10.41954 10.42037 10.44799 10.53019
1.2452 6.027796 6.190941 6.190964 6.276337 6.282028
1.0161 5.19868 5.1211 5.122607 5.123186 5.120759
-0.3741 4.730163 4.730527 4.723626 4.721968 4.733327
2.8774 3.842082 3.863276 3.905166 3.915974 3.841587
7.455 6.748244 6.576254 6.612738 6.529134 6.373385
10.3161 12.02216 11.75751 11.68017 11.53713 11.34668
15.3583 14.66542 14.75167 14.76107 14.73248 14.36905
18.4306 18.64643 18.68692 18.67027 18.60005 17.71944
17.5935 22.11804 22.33573 22.37749 22.34603 19.74557
13.465 19.12479 19.24355 19.26921 19.1992 17.36609
10.8129 13.24627 13.2477 13.16543 13.1803 13.46197
6.325 11.00133 10.96008 10.96036 10.95385 10.92071
2.0806 6.856694 7.168402 7.203984 7.241592 7.257669
-5.2081 3.838983 4.434174 4.50996 4.589448 4.592006
-0.0804 3.616763 3.573902 3.56339 3.525473 3.509443
3.6081 3.950594 3.933914 3.959453 3.863195 3.948226
8.7067 5.732605 5.473103 5.404323 5.265504 4.945198
13.0048 12.70425 12.39084 12.10126 11.51025 8.421278
14.4767 19.28303 19.1975 19.08372 18.40895 15.32297
19.5194 19.39249 19.3183 19.32244 19.27474 13.9758
17.5323 20.51706 20.52657 20.56194 20.08515 12.81299
15.9417 19.60169 19.56828 19.64591 18.981 19.25154
10.0226 16.64694 16.74236 16.73962 16.75772 16.70963
1.2867 9.2228 9.435248 9.438346 9.43094 9.450176
3.8355 6.105461 6.068825 6.058327 6.044103 6.084747
1.0645 4.920075 4.929662 4.963481 5.030152 5.077
-5.1268 3.475087 3.434207 3.510968 3.666007 3.82165
3.8242 3.531142 3.442179 3.339456 3.125357 3.37057
6.2917 7.845933 7.699137 7.364602 6.71408 5.887015
14.5161 13.06235 13.10852 12.89826 12.42429 10.02028
16.05 15.89304 16.26281 16.37333 16.49661 12.50726
17.7016 21.47245 21.58618 21.5868 21.39996 16.98113
17.2855 20.62449 20.90706 20.87017 20.39185 18.43697
13.9183 17.71909 17.6666 17.58797 17.419 17.30297
11.45 15.64424 15.64972 15.65931 15.52294 15.14584
5.7517 10.05176 10.04658 10.0024 9.966206 10.00739
1.5935 7.461688 7.479918 7.413367 7.387831 7.35845
-4.3226 4.611913 4.554741 4.543405 4.596956 4.639059
0.7143 3.398143 3.382625 3.425003 3.499808 3.569902
1.1694 3.61224 3.771117 3.676238 3.600148 3.602335
10.2467 6.608895 6.63405 6.352191 5.859916 5.37119
10.2419 11.8703 11.9421 11.84686 11.75529 10.41896
14.6183 18.06414 18.05194 17.81111 15.94772 13.20927
18.4452 20.11781 20.10431 20.12587 17.84469 15.54676
17.3548 18.8562 18.65981 18.57416 18.37804 17.74313
17.265 19.43547 19.59945 19.44741 18.55856 16.70534
10.3871 14.39995 14.97626 14.98577 14.97751 15.10524
5.405 10.77373 10.66983 10.66411 10.63947 10.56509
2.3565 6.956523 6.994869 6.995672 6.995878 7.00099
3.621 5.923097 5.988289 5.986245 5.992203 5.989832
1.9586 5.158856 5.148636 5.15928 5.110156 5.109086
3.6355 4.639872 4.640417 4.609107 4.550671 4.547697
9.4283 8.036156 8.036713 7.96538 7.86543 7.63474
14.7742 14.07844 14.07333 14.08492 13.82373 13.53557
15.8133 16.4661 16.48774 16.48663 16.38972 14.51608
18.1306 20.29754 20.44643 20.44681 20.37797 17.78855
18.2 20.81742 20.95296 20.95325 20.96351 21.20826
14.3033 18.36125 18.35447 18.35324 18.35029 18.23487
11.0323 14.64807 14.6499 14.65684 14.6668 14.69969
2.9583 9.757912 9.762028 9.738763 9.710363 9.708206
2.621 6.938318 6.906985 6.791309 6.710983 6.710718
1.0984 5.697142 5.615934 5.541712 5.540718 5.545334
3.3964 5.088786 5.102969 5.078075 5.081454 5.053874
8.6145 5.983874 5.91758 5.804086 5.742369 5.65196
7.8267 9.32669 9.162541 8.487864 7.648462 7.402075
14.471 14.28414 14.30143 13.38819 12.32298 10.9035
15.6433 17.87514 17.77035 17.79161 17.82159 14.04422
18.8194 21.40218 21.16217 21.05487 20.94065 17.37613
18.0984 20.52099 20.55833 20.5629 20.57336 20.06011
14.56 17.43793 17.51018 17.50762 17.46671 17.46444
11.2484 15.03195 14.98108 14.98231 14.90831 14.90964
3.005 10.80567 10.73097 10.73091 10.73458 10.73364
2.6065 6.501755 6.516922 6.51661 6.512049 6.516847
1.2097 5.407442 5.384373 5.385222 5.39098 5.380576
6.9161 5.077141 4.967353 4.963645 4.938902 4.984192
7.9516 5.671904 5.610412 5.625019 5.708891 5.385187
7.625 10.45148 10.42241 10.30907 9.29526 7.812583
15.3323 15.94734 15.86385 15.61701 13.53764 11.73963
15.7167 15.83722 15.834 15.82475 15.66463 14.79299
18.6581 19.24403 19.24364 19.24336 19.24103 18.52595
19.479 22.72698 22.7286 22.72922 22.73348 21.35924
13.8533 19.29174 19.28561 19.28551 19.28401 19.32974
11.7952 14.70943 14.75591 14.75501 14.75357 14.54807
4.4883 9.927074 9.99618 9.998537 10.00377 10.01951
0.1274 7.004601 7.009778 6.996717 6.958091 6.948461
0.8952 5.49558 5.462597 5.501384 5.426049 5.429695
-0.7893 4.41187 4.509318 4.548008 4.542746 4.545697
7.4097 6.539684 6.301488 6.131926 5.966473 5.345619
8.0117 9.371775 9.12725 8.927323 8.518715 6.570223
9.7548 11.81317 11.79756 11.76419 11.41575 10.46035
15 18.11581 18.11306 17.86274 16.32201 15.67813
20.0629 21.46888 21.47011 21.01828 18.03229 16.56586
20.1387 23.03439 23.03434 22.76875 22.03105 20.80617
16.9067 21.10459 21.1041 21.13823 21.10792 20.78076
8.8952 15.51101 15.51225 15.50983 15.50893 15.51348
4.0283 9.585497 9.579997 9.581475 9.581667 9.578405
-0.3677 6.336323 6.377965 6.37642 6.377782 6.381921
-0.5855 4.641825 4.715225 4.717354 4.713721 4.707197
2.0517 4.24987 4.237465 4.228588 4.244225 4.271652
6.3306 4.546436 4.580837 4.628255 4.522929 4.344026
8.4183 6.617612 6.517198 6.362065 6.241738 6.127622
15.0226 14.35769 14.15154 13.72769 12.96078 11.88747
16.12 20.17102 20.20716 20.11859 18.9455 15.98211
19.1935 21.72528 21.72186 21.72286 21.77494 18.93374
21.2371 23.3576 23.35986 23.35912 23.32418 21.29168
14.9117 18.80531 18.80513 18.80519 18.80788 18.86012
7.8871 15.40837 15.40851 15.40848 15.40643 15.36185
6.4033 9.501931 9.501925 9.501901 9.50164 9.501934
0.621 7.18038 7.180377 7.180405 7.180838 7.183583
3.5516 5.402031 5.401875 5.401384 5.39623 5.411108
-0.0286 5.171471 5.17215 5.174301 5.196958 5.133932
4.6613 4.987326 4.983804 4.972642 4.830229 5.131536
10.9667 8.442138 8.450233 8.475892 8.416907 6.829097
14.9935 17.36524 17.3021 17.11437 15.52997 10.41682
17.05 22.32588 22.12449 21.71041 19.05087 16.29281
17.0871 21.38251 21.17631 20.87485 20.7257 19.77121
17.8871 21.4652 21.33202 20.96518 20.25879 18.37132
13.5533 17.6889 17.69375 17.70902 17.41815 17.42567
8.1823 13.80528 13.80307 13.79678 13.59479 13.56741
1.2333 8.639518 8.64209 8.64618 8.681553 8.697455
4.0323 5.727834 5.724332 5.72219 5.71538 5.710602
2.7129 5.32499 5.344823 5.355674 5.378757 5.399497
2.2839 5.27243 5.221264 5.194148 5.15218 5.106681
9.3 5.551733 5.398257 5.328119 5.500999 5.510357
7.5583 8.402258 8.399841 8.341061 7.074424 6.594446
13.3355 14.17252 13.88624 13.27363 11.09361 10.49196
16.9917 19.75186 19.37359 18.52006 16.40285 14.68537
21.9032 26.95042 27.06454 26.78386 22.45053 15.98617
19.7177 24.53249 24.68414 24.64276 24.52589 19.96905
14.0017 19.92465 19.91612 19.95306 19.82849 19.34483
9.8806 14.69067 14.69718 14.64603 14.68365 14.62604
7.8817 11.36784 11.36288 11.443 11.44029 11.51684
3.5048 8.239793 8.272794 8.26229 8.263377 8.282777
-0.0887 5.405515 5.484189 5.484208 5.486522 5.570247
5.4036 5.401688 5.398712 5.398627 5.388395 5.363083
3.8435 5.212328 5.210774 5.209789 5.240431 5.283408
9.14 9.456652 9.470308 9.466354 8.94284 7.326661
13.1871 16.01083 15.95196 15.7429 15.12124 12.17808
14.67 17.77207 17.58629 17.29978 14.91579 14.06476
21.0048 22.93138 22.91386 22.95304 18.76243 15.73957
18.0984 22.67196 22.7472 22.74346 22.84076 19.60092
12.515 16.53202 16.52583 16.53096 16.34661 16.57687
13.4855 14.26534 14.26837 14.24788 14.25811 14.14392
3.75 10.56131 10.56102 10.62482 10.7033 10.71671
-0.1242 6.946062 6.946152 7.102471 7.056848 7.038688
-0.4048 5.492979 5.493178 5.494483 5.421444 5.454348
-0.7052 4.885693 4.88477 4.870475 4.860062 4.915739
3.5742 4.21096 4.214693 4.280257 4.338571 4.407067
9.695 8.314276 8.28134 7.761203 7.26845 6.658613
12.5371 15.56649 15.45923 14.5716 13.38847 11.9626
17.3917 16.48959 16.42764 16.35292 15.94209 15.67951
17.3581 20.17062 20.18191 20.01278 19.80382 18.97989
17.221 21.37282 21.36631 21.3774 21.09644 19.76296
11.2117 16.75084 16.79205 16.78558 16.82866 17.03275
9.6629 13.29407 13.36852 13.36897 13.36595 13.35167
5.1483 10.04741 10.04176 10.04152 10.04316 10.05095
-0.6129 6.434115 6.43653 6.436635 6.435936 6.432621