"Depth" "AirTemp" "WaterTemp"
"1" 0 -1.521 3.502618
"2" 1 -1.521 3.435816
"3" 2.5 -1.521 3.335614
"4" 5 -1.521 3.508339
"5" 7.5 -1.521 3.476788
"35" 0 4.3768 3.748019
"36" 1 4.3768 3.734667
"37" 2.5 4.3768 3.71464
"38" 5 4.3768 3.7497
"39" 7.5 4.3768 3.736675
"69" 0 6.9032 4.259038
"70" 1 6.9032 4.250524
"71" 2.5 6.9032 4.237754
"72" 5 6.9032 4.151777
"73" 7.5 6.9032 3.606108
"103" 0 12.71 8.926123
"104" 1 12.71 8.89402
"105" 2.5 12.71 8.845866
"106" 5 12.71 8.659674
"107" 7.5 12.71 6.662916
"137" 0 15.8887 14.5887
"138" 1 15.8887 14.58474
"139" 2.5 15.8887 14.57881
"140" 5 15.8887 14.17901
"141" 7.5 15.8887 12.24346
"171" 0 16.6983 18.41571
"172" 1 16.6983 18.30174
"173" 2.5 16.6983 18.1308
"174" 5 16.6983 17.59201
"175" 7.5 16.6983 10.1677
"205" 0 19.9371 21.23446
"206" 1 19.9371 20.99752
"207" 2.5 19.9371 20.64211
"208" 5 19.9371 19.13985
"209" 7.5 19.9371 15.18963
"239" 0 18.4 21.31526
"240" 1 18.4 21.27082
"241" 2.5 18.4 21.20416
"242" 5 18.4 20.89223
"243" 7.5 18.4 17.12696
"273" 0 16.0617 18.87968
"274" 1 16.0617 18.8837
"275" 2.5 16.0617 18.88973
"276" 5 16.0617 18.67233
"277" 7.5 16.0617 18.07024
"307" 0 9.1742 14.32505
"308" 1 9.1742 14.28993
"309" 2.5 9.1742 14.23725
"310" 5 9.1742 14.13483
"311" 7.5 9.1742 14.38477
"341" 0 4.385 9.095476
"342" 1 4.385 9.054275
"343" 2.5 4.385 8.992472
"344" 5 4.385 9.007186
"345" 7.5 4.385 9.039542
"375" 0 -0.7177 6.144545
"376" 1 -0.7177 6.149653
"377" 2.5 -0.7177 6.157313
"378" 5 -0.7177 6.237238
"379" 7.5 -0.7177 6.076873
"409" 0 -2.6855 4.287022
"410" 1 -2.6855 4.319637
"411" 2.5 -2.6855 4.368538
"412" 5 -2.6855 4.206023
"413" 7.5 -2.6855 3.64376
"443" 0 -1.4179 3.28445
"444" 1 -1.4179 3.306902
"445" 2.5 -1.4179 3.340541
"446" 5 -1.4179 2.734281
"447" 7.5 -1.4179 1.987234
"477" 0 6.2532 3.674691
"478" 1 6.2532 3.665698
"479" 2.5 6.2532 3.652173
"480" 5 6.2532 2.76031
"481" 7.5 6.2532 2.15371
"511" 0 12.8317 6.226006
"512" 1 12.8317 6.180564
"513" 2.5 12.8317 6.112414
"514" 5 12.8317 5.416568
"515" 7.5 12.8317 5.262139
"545" 0 15.921 13.40183
"546" 1 15.921 13.38928
"547" 2.5 15.921 13.37052
"548" 5 15.921 12.49554
"549" 7.5 15.921 9.452444
"579" 0 19.64 20.99375
"580" 1 19.64 21.06205
"581" 2.5 19.64 21.16622
"582" 5 19.64 19.61092
"583" 7.5 19.64 12.04949
"613" 0 21.2452 23.3428
"614" 1 21.2452 23.44307
"615" 2.5 21.2452 23.59885
"616" 5 21.2452 22.06303
"617" 7.5 21.2452 13.99873
"647" 0 21.8435 21.81123
"648" 1 21.8435 21.90462
"649" 2.5 21.8435 22.05373
"650" 5 21.8435 20.99599
"651" 7.5 21.8435 15.10749
"681" 0 18.4833 18.13191
"682" 1 18.4833 18.19501
"683" 2.5 18.4833 18.30007
"684" 5 18.4833 17.84364
"685" 7.5 18.4833 15.04881
"715" 0 10.3323 13.9774
"716" 1 10.3323 14.00201
"717" 2.5 10.3323 14.0464
"718" 5 10.3323 13.99962
"719" 7.5 10.3323 13.54706
"749" 0 6.9183 10.81541
"750" 1 6.9183 10.78233
"751" 2.5 6.9183 10.73259
"752" 5 6.9183 10.66934
"753" 7.5 6.9183 10.60613
"783" 0 2.0726 8.733723
"784" 1 2.0726 8.522611
"785" 2.5 2.0726 8.201342
"786" 5 2.0726 7.94043
"787" 7.5 2.0726 7.695147
"817" 0 3.9968 7.303243
"818" 1 3.9968 6.901116
"819" 2.5 3.9968 6.293705
"820" 5 3.9968 5.900507
"821" 7.5 3.9968 5.689001
"851" 0 2.519 6.34896
"852" 1 2.519 5.958557
"853" 2.5 2.519 5.37113
"854" 5 2.519 5.033334
"855" 7.5 2.519 4.94432
"885" 0 9.5355 5.732882
"886" 1 9.5355 5.713858
"887" 2.5 9.5355 5.685201
"888" 5 9.5355 5.668193
"889" 7.5 9.5355 5.662323
"919" 0 10.9683 10.24775
"920" 1 10.9683 9.886488
"921" 2.5 10.9683 9.3446
"922" 5 10.9683 8.924837
"923" 7.5 10.9683 7.847563
"953" 0 15.7581 17.0207
"954" 1 15.7581 16.98097
"955" 2.5 15.7581 16.92138
"956" 5 15.7581 16.9319
"957" 7.5 15.7581 15.08649
"987" 0 16.985 17.45284
"988" 1 16.985 17.30832
"989" 2.5 16.985 17.09155
"990" 5 16.985 17.17926
"991" 7.5 16.985 17.0703
"1021" 0 16.6419 16.83151
"1022" 1 16.6419 16.37709
"1023" 2.5 16.6419 15.69546
"1024" 5 16.6419 15.09645
"1025" 7.5 16.6419 14.43854
"1055" 0 18.6258 20.78144
"1056" 1 18.6258 20.07535
"1057" 2.5 18.6258 19.01625
"1058" 5 18.6258 18.34415
"1059" 7.5 18.6258 16.17266
"1089" 0 15.5567 17.89211
"1090" 1 15.5567 17.74764
"1091" 2.5 15.5567 17.53086
"1092" 5 15.5567 17.10119
"1093" 7.5 15.5567 15.6295
"1123" 0 11.3581 14.70849
"1124" 1 11.3581 14.70997
"1125" 2.5 11.3581 14.71243
"1126" 5 11.3581 14.72759
"1127" 7.5 11.3581 14.77888
"1157" 0 5.0667 10.81334
"1158" 1 5.0667 10.8102
"1159" 2.5 5.0667 10.80697
"1160" 5 5.0667 10.80046
"1161" 7.5 5.0667 10.7951
"1191" 0 0.5355 6.898859
"1192" 1 0.5355 6.935631
"1193" 2.5 0.5355 7.009064
"1194" 5 0.5355 7.070762
"1195" 7.5 0.5355 7.089069
"1225" 0 1.0581 3.227668
"1226" 1 1.0581 3.509522
"1227" 2.5 1.0581 3.952089
"1228" 5 1.0581 4.449188
"1229" 7.5 1.0581 4.633085
"1259" 0 2.5339 1.992535
"1260" 1 2.5339 2.374038
"1261" 2.5 2.5339 2.954861
"1262" 5 2.5339 3.633321
"1263" 7.5 2.5339 3.870249
"1293" 0 4.3694 4.846012
"1294" 1 4.3694 4.761714
"1295" 2.5 4.3694 4.635704
"1296" 5 4.3694 4.489407
"1297" 7.5 4.3694 4.3172
"1327" 0 13.1183 10.38524
"1328" 1 13.1183 9.633694
"1329" 2.5 13.1183 8.506537
"1330" 5 13.1183 7.32008
"1331" 7.5 13.1183 6.547876
"1361" 0 12.95 15.39854
"1362" 1 12.95 14.59258
"1363" 2.5 12.95 13.38356
"1364" 5 12.95 12.21159
"1365" 7.5 12.95 11.58225
"1395" 0 17.465 20.41328
"1396" 1 17.465 19.7856
"1397" 2.5 17.465 18.84398
"1398" 5 17.465 17.71693
"1399" 7.5 17.465 17.28092
"1429" 0 21.0387 23.12527
"1430" 1 21.0387 22.77279
"1431" 2.5 21.0387 22.24407
"1432" 5 21.0387 21.35473
"1433" 7.5 21.0387 19.27499
"1463" 0 20.0097 23.22373
"1464" 1 20.0097 23.02201
"1465" 2.5 20.0097 22.71941
"1466" 5 20.0097 22.3737
"1467" 7.5 20.0097 19.08746
"1497" 0 18.3567 21.6176
"1498" 1 18.3567 21.34133
"1499" 2.5 18.3567 20.92692
"1500" 5 18.3567 20.97271
"1501" 7.5 18.3567 20.73778
"1531" 0 12.4661 15.53888
"1532" 1 12.4661 15.37274
"1533" 2.5 12.4661 15.12358
"1534" 5 12.4661 15.22072
"1535" 7.5 12.4661 15.87746
"1565" 0 3.6183 9.11343
"1566" 1 3.6183 9.107413
"1567" 2.5 3.6183 9.09838
"1568" 5 3.6183 9.100303
"1569" 7.5 3.6183 9.124566
"1599" 0 3.0516 6.256496
"1600" 1 3.0516 6.277244
"1601" 2.5 3.0516 6.308246
"1602" 5 3.0516 6.258231
"1603" 7.5 3.0516 6.048998
"1633" 0 -0.371 5.484354
"1634" 1 -0.371 5.468404
"1635" 2.5 -0.371 5.444487
"1636" 5 -0.371 5.394568
"1637" 7.5 -0.371 5.33037
"1667" 0 3.8804 4.571059
"1668" 1 3.8804 4.562948
"1669" 2.5 3.8804 4.550909
"1670" 5 3.8804 4.532732
"1671" 7.5 3.8804 4.527145
"1701" 0 6.3129 5.162306
"1702" 1 6.3129 5.106734
"1703" 2.5 6.3129 5.026576
"1704" 5 6.3129 4.891876
"1705" 7.5 6.3129 4.747304
"1735" 0 7.5883 6.854161
"1736" 1 7.5883 6.784451
"1737" 2.5 7.5883 6.681016
"1738" 5 7.5883 6.461968
"1739" 7.5 7.5883 6.065709
"1769" 0 15.2435 15.11521
"1770" 1 15.2435 14.3725
"1771" 2.5 15.2435 13.25819
"1772" 5 15.2435 9.561351
"1773" 7.5 15.2435 8.086904
"1803" 0 19.34 20.1506
"1804" 1 19.34 19.79712
"1805" 2.5 19.34 19.267
"1806" 5 19.34 17.82759
"1807" 7.5 19.34 14.55387
"1837" 0 20.929 22.53209
"1838" 1 20.929 22.49929
"1839" 2.5 20.929 22.45004
"1840" 5 20.929 22.55871
"1841" 7.5 20.929 19.56914
"1871" 0 18.8742 23.12741
"1872" 1 18.8742 22.90315
"1873" 2.5 18.8742 22.56674
"1874" 5 18.8742 21.97765
"1875" 7.5 18.8742 20.9074
"1905" 0 14.2783 18.45009
"1906" 1 14.2783 18.35619
"1907" 2.5 14.2783 18.21542
"1908" 5 14.2783 17.99239
"1909" 7.5 14.2783 17.67639
"1939" 0 9.5032 13.66666
"1940" 1 9.5032 13.69806
"1941" 2.5 9.5032 13.74485
"1942" 5 9.5032 13.82011
"1943" 7.5 9.5032 13.73974
"1973" 0 4.7817 9.585356
"1974" 1 4.7817 9.586348
"1975" 2.5 4.7817 9.589373
"1976" 5 4.7817 9.594306
"1977" 7.5 4.7817 9.636583
"2007" 0 -1.6871 5.864912
"2008" 1 -1.6871 5.879867
"2009" 2.5 -1.6871 5.894854
"2010" 5 -1.6871 5.924746
"2011" 7.5 -1.6871 5.94496
"2041" 0 1.5806 4.502834
"2042" 1 1.5806 4.508636
"2043" 2.5 1.5806 4.514628
"2044" 5 1.5806 4.526461
"2045" 7.5 1.5806 4.536374
"2075" 0 2.6 4.221747
"2076" 1 2.6 4.223555
"2077" 2.5 2.6 4.226447
"2078" 5 2.6 4.231143
"2079" 7.5 2.6 4.231294
"2109" 0 3.9 4.440532
"2110" 1 3.9 4.42843
"2111" 2.5 3.9 4.410223
"2112" 5 3.9 4.379915
"2113" 7.5 3.9 4.374624
"2143" 0 8.6817 6.362964
"2144" 1 8.6817 6.262752
"2145" 2.5 8.6817 6.112452
"2146" 5 8.6817 5.86194
"2147" 7.5 8.6817 5.746283
"2177" 0 12.4984 12.323
"2178" 1 12.4984 12.24474
"2179" 2.5 12.4984 12.12734
"2180" 5 12.4984 11.93167
"2181" 7.5 12.4984 10.31295
"2211" 0 16.19 19.01249
"2212" 1 16.19 18.6577
"2213" 2.5 16.19 18.1255
"2214" 5 16.19 17.23852
"2215" 7.5 16.19 13.14807
"2245" 0 18.6629 21.73095
"2246" 1 18.6629 21.50041
"2247" 2.5 18.6629 21.1546
"2248" 5 18.6629 20.57822
"2249" 7.5 18.6629 18.44308
"2279" 0 18.0935 20.24423
"2280" 1 18.0935 20.17236
"2281" 2.5 18.0935 20.06455
"2282" 5 18.0935 19.88491
"2283" 7.5 18.0935 17.13895
"2313" 0 15.6183 18.73716
"2314" 1 15.6183 18.74889
"2315" 2.5 15.6183 18.76649
"2316" 5 15.6183 18.79585
"2317" 7.5 15.6183 18.30834
"2347" 0 8.2484 13.8485
"2348" 1 8.2484 13.83204
"2349" 2.5 8.2484 13.80733
"2350" 5 8.2484 13.76696
"2351" 7.5 8.2484 13.71501
"2381" 0 6.735 9.599184
"2382" 1 6.735 9.602238
"2383" 2.5 6.735 9.606911
"2384" 5 6.735 9.610086
"2385" 7.5 6.735 9.627102
"2415" 0 0.5597 6.708225
"2416" 1 0.5597 6.70681
"2417" 2.5 0.5597 6.704428
"2418" 5 0.5597 6.713384
"2419" 7.5 0.5597 6.709736
"2449" 0 -0.4742 4.927324
"2450" 1 -0.4742 4.928358
"2451" 2.5 -0.4742 4.930188
"2452" 5 -0.4742 4.921664
"2453" 7.5 -0.4742 4.922517
"2483" 0 -0.5276 3.32724
"2484" 1 -0.5276 3.352802
"2485" 2.5 -0.5276 3.395488
"2486" 5 -0.5276 3.443142
"2487" 7.5 -0.5276 3.510728
"2517" 0 5.721 4.68427
"2518" 1 5.721 4.641627
"2519" 2.5 5.721 4.578409
"2520" 5 5.721 4.313527
"2521" 7.5 5.721 4.209169
"2551" 0 11.2317 11.45364
"2552" 1 11.2317 11.20304
"2553" 2.5 11.2317 10.82702
"2554" 5 11.2317 7.759976
"2555" 7.5 11.2317 6.567183
"2585" 0 14.3016 15.58352
"2586" 1 14.3016 15.33809
"2587" 2.5 14.3016 14.96993
"2588" 5 14.3016 14.39364
"2589" 7.5 14.3016 12.64923
"2619" 0 17.8567 20.87698
"2620" 1 17.8567 20.31484
"2621" 2.5 17.8567 19.47154
"2622" 5 17.8567 18.57236
"2623" 7.5 17.8567 16.88975
"2653" 0 21.4032 24.22897
"2654" 1 21.4032 23.75565
"2655" 2.5 21.4032 23.0458
"2656" 5 21.4032 21.76006
"2657" 7.5 21.4032 18.60542
"2687" 0 19.7984 23.05389
"2688" 1 19.7984 23.02277
"2689" 2.5 19.7984 22.97583
"2690" 5 19.7984 22.9117
"2691" 7.5 19.7984 20.19706
"2721" 0 12.0883 17.82301
"2722" 1 12.0883 17.86376
"2723" 2.5 12.0883 17.92666
"2724" 5 12.0883 18.02106
"2725" 7.5 12.0883 17.96247
"2755" 0 9.1177 10.95444
"2756" 1 9.1177 10.9391
"2757" 2.5 9.1177 10.92113
"2758" 5 9.1177 10.87883
"2759" 7.5 9.1177 10.82631
"2789" 0 2.925 7.222801
"2790" 1 2.925 7.219537
"2791" 2.5 2.925 7.220072
"2792" 5 2.925 7.206237
"2793" 7.5 2.925 7.205374
"2823" 0 0.2871 5.471255
"2824" 1 0.2871 5.482938
"2825" 2.5 0.2871 5.499767
"2826" 5 0.2871 5.529475
"2827" 7.5 0.2871 5.557654
"2857" 0 -2.4403 3.932789
"2858" 1 -2.4403 3.943507
"2859" 2.5 -2.4403 3.944631
"2860" 5 -2.4403 3.960336
"2861" 7.5 -2.4403 3.969017
"2891" 0 -0.1196 3.132169
"2892" 1 -0.1196 3.137906
"2893" 2.5 -0.1196 3.133189
"2894" 5 -0.1196 3.174046
"2895" 7.5 -0.1196 3.191895
"2925" 0 6.7242 3.602582
"2926" 1 6.7242 3.53516
"2927" 2.5 6.7242 3.432197
"2928" 5 6.7242 3.438671
"2929" 7.5 6.7242 3.423755
"2959" 0 10.5333 7.8122
"2960" 1 10.5333 7.568393
"2961" 2.5 10.5333 7.202062
"2962" 5 10.5333 6.603271
"2963" 7.5 10.5333 6.163688
"2993" 0 14.9694 13.68941
"2994" 1 14.9694 13.29031
"2995" 2.5 14.9694 12.68764
"2996" 5 14.9694 11.6773
"2997" 7.5 14.9694 10.75041
"3027" 0 15.575 18.82817
"3028" 1 15.575 18.02192
"3029" 2.5 15.575 16.81266
"3030" 5 15.575 14.79694
"3031" 7.5 15.575 13.93727
"3061" 0 18.9258 20.04943
"3062" 1 18.9258 19.32684
"3063" 2.5 18.9258 18.24295
"3064" 5 18.9258 16.4367
"3065" 7.5 18.9258 15.01343
"3095" 0 18.3935 20.0761
"3096" 1 18.3935 20.11451
"3097" 2.5 18.3935 20.17194
"3098" 5 18.3935 20.26703
"3099" 7.5 18.3935 18.57665
"3129" 0 15.81 18.94982
"3130" 1 15.81 18.92845
"3131" 2.5 15.81 18.89841
"3132" 5 15.81 18.85285
"3133" 7.5 15.81 18.48462
"3163" 0 11.0645 14.54829
"3164" 1 11.0645 14.56189
"3165" 2.5 11.0645 14.58754
"3166" 5 11.0645 14.63031
"3167" 7.5 11.0645 14.67582
"3197" 0 3.5233 10.7262
"3198" 1 3.5233 10.73923
"3199" 2.5 3.5233 10.76323
"3200" 5 3.5233 10.79126
"3201" 7.5 3.5233 10.82566
"3231" 0 1.9613 6.583143
"3232" 1 1.9613 6.598256
"3233" 2.5 1.9613 6.616268
"3234" 5 1.9613 6.653257
"3235" 7.5 1.9613 6.689867
"3265" 0 -2.5694 4.178473
"3266" 1 -2.5694 4.195205
"3267" 2.5 -2.5694 4.207807
"3268" 5 -2.5694 4.245496
"3269" 7.5 -2.5694 4.270132
"3299" 0 -1.1625 2.408776
"3300" 1 -1.1625 2.444624
"3301" 2.5 -1.1625 2.496388
"3302" 5 -1.1625 2.585263
"3303" 7.5 -1.1625 2.673669
"3333" 0 6.871 3.337136
"3334" 1 6.871 3.370231
"3335" 2.5 6.871 3.408361
"3336" 5 6.871 3.486559
"3337" 7.5 6.871 3.517447
"3367" 0 6.6067 6.540358
"3368" 1 6.6067 6.32996
"3369" 2.5 6.6067 6.018213
"3370" 5 6.6067 5.488
"3371" 7.5 6.6067 5.322144
"3401" 0 12.2339 15.58065
"3402" 1 12.2339 14.69402
"3403" 2.5 12.2339 13.36405
"3404" 5 12.2339 11.14747
"3405" 7.5 12.2339 9.870618
"3435" 0 16.6883 16.67968
"3436" 1 16.6883 16.61542
"3437" 2.5 16.6883 16.51917
"3438" 5 16.6883 16.35846
"3439" 7.5 16.6883 13.99398
"3469" 0 16.2532 16.73702
"3470" 1 16.2532 16.68092
"3471" 2.5 16.2532 16.59669
"3472" 5 16.2532 16.45647
"3473" 7.5 16.2532 13.47616
"3503" 0 16.7016 18.34339
"3504" 1 16.7016 18.30923
"3505" 2.5 16.7016 18.25806
"3506" 5 16.7016 18.1726
"3507" 7.5 16.7016 15.93688
"3537" 0 15.445 17.76031
"3538" 1 15.445 17.75799
"3539" 2.5 15.445 17.75464
"3540" 5 15.445 17.74872
"3541" 7.5 15.445 16.99776
"3571" 0 10.4242 12.72437
"3572" 1 10.4242 12.72603
"3573" 2.5 10.4242 12.72952
"3574" 5 10.4242 12.73268
"3575" 7.5 10.4242 12.77814
"3605" 0 5.16 10.21362
"3606" 1 5.16 10.22243
"3607" 2.5 5.16 10.23979
"3608" 5 5.16 10.25765
"3609" 7.5 5.16 10.29413
"3639" 0 3.1113 6.986876
"3640" 1 3.1113 6.986425
"3641" 2.5 3.1113 6.986903
"3642" 5 3.1113 6.98462
"3643" 7.5 3.1113 6.981738
"3673" 0 -0.0161 4.99809
"3674" 1 -0.0161 4.987565
"3675" 2.5 -0.0161 4.975397
"3676" 5 -0.0161 4.945465
"3677" 7.5 -0.0161 4.92573
"3707" 0 0.9286 4.381349
"3708" 1 0.9286 4.390258
"3709" 2.5 0.9286 4.404952
"3710" 5 0.9286 4.425897
"3711" 7.5 0.9286 4.439412
"3741" 0 2.8258 3.81938
"3742" 1 2.8258 3.798554
"3743" 2.5 2.8258 3.770709
"3744" 5 2.8258 3.71525
"3745" 7.5 2.8258 3.697557
"3775" 0 8.8983 7.665825
"3776" 1 8.8983 7.65593
"3777" 2.5 8.8983 7.64012
"3778" 5 8.8983 7.616354
"3779" 7.5 8.8983 7.160471
"3809" 0 12.4274 15.63655
"3810" 1 12.4274 15.26381
"3811" 2.5 12.4274 14.70471
"3812" 5 12.4274 13.77282
"3813" 7.5 12.4274 12.1058
"3843" 0 16.6717 19.26398
"3844" 1 16.6717 18.47229
"3845" 2.5 16.6717 17.28473
"3846" 5 16.6717 15.30553
"3847" 7.5 16.6717 13.5289
"3877" 0 18.3194 18.73275
"3878" 1 18.3194 18.51192
"3879" 2.5 18.3194 18.1807
"3880" 5 18.3194 17.62861
"3881" 7.5 18.3194 16.7705
"3911" 0 17.4581 20.14829
"3912" 1 17.4581 20.0255
"3913" 2.5 17.4581 19.84126
"3914" 5 17.4581 19.53432
"3915" 7.5 17.4581 17.51304
"3945" 0 14.685 18.41763
"3946" 1 14.685 18.36058
"3947" 2.5 14.685 18.27512
"3948" 5 14.685 18.13245
"3949" 7.5 14.685 16.86535
"3979" 0 8.8871 13.34558
"3980" 1 8.8871 13.33694
"3981" 2.5 8.8871 13.32323
"3982" 5 8.8871 13.30191
"3983" 7.5 8.8871 13.4544
"4013" 0 2.9067 9.616687
"4014" 1 2.9067 9.618947
"4015" 2.5 2.9067 9.62482
"4016" 5 2.9067 9.629356
"4017" 7.5 2.9067 9.602252
"4047" 0 3.7597 6.400534
"4048" 1 3.7597 6.410479
"4049" 2.5 3.7597 6.427833
"4050" 5 3.7597 6.447801
"4051" 7.5 3.7597 6.468649
"4081" 0 2.2516 5.154276
"4082" 1 2.2516 5.163007
"4083" 2.5 2.2516 5.161378
"4084" 5 2.2516 5.178604
"4085" 7.5 2.2516 5.195923
"4115" 0 -8.2552 3.888053
"4116" 1 -8.2552 3.907365
"4117" 2.5 -8.2552 3.926651
"4118" 5 -8.2552 3.973167
"4119" 7.5 -8.2552 4.068339
"4149" 0 5.0661 2.20838
"4150" 1 5.0661 2.325916
"4151" 2.5 5.0661 2.50307
"4152" 5 5.0661 2.797044
"4153" 7.5 5.0661 3.019413
"4183" 0 7.5167 3.935997
"4184" 1 7.5167 3.937506
"4185" 2.5 7.5167 3.940124
"4186" 5 7.5167 3.943952
"4187" 7.5 7.5167 3.953774
"4217" 0 13.479 12.55156
"4218" 1 13.479 11.95918
"4219" 2.5 13.479 11.07045
"4220" 5 13.479 9.589479
"4221" 7.5 13.479 8.549903
"4251" 0 14.17 15.25322
"4252" 1 14.17 15.05369
"4253" 2.5 14.17 14.75442
"4254" 5 14.17 14.25558
"4255" 7.5 14.17 11.9806
"4285" 0 17.9742 17.77649
"4286" 1 17.9742 17.77837
"4287" 2.5 17.9742 17.78118
"4288" 5 17.9742 17.78588
"4289" 7.5 17.9742 15.18742
"4319" 0 16.1645 19.81525
"4320" 1 16.1645 19.60392
"4321" 2.5 16.1645 19.28692
"4322" 5 16.1645 18.7586
"4323" 7.5 16.1645 16.93683
"4353" 0 16.0933 17.25999
"4354" 1 16.0933 17.22382
"4355" 2.5 16.0933 17.16952
"4356" 5 16.0933 17.07915
"4357" 7.5 16.0933 16.1176
"4387" 0 8.5065 14.17165
"4388" 1 8.5065 14.1864
"4389" 2.5 8.5065 14.2082
"4390" 5 8.5065 14.24537
"4391" 7.5 8.5065 14.00334
"4421" 0 2.1433 9.030822
"4422" 1 2.1433 9.03636
"4423" 2.5 2.1433 9.048716
"4424" 5 2.1433 9.058514
"4425" 7.5 2.1433 9.080497
"4455" 0 1.2581 5.641308
"4456" 1 1.2581 5.652124
"4457" 2.5 1.2581 5.668343
"4458" 5 1.2581 5.695499
"4459" 7.5 1.2581 5.715035
"4489" 0 -0.821 3.425132
"4490" 1 -0.821 3.495733
"4491" 2.5 -0.821 3.601086
"4492" 5 -0.821 3.778375
"4493" 7.5 -0.821 3.939161
"4523" 0 4.8375 3.318205
"4524" 1 4.8375 3.338204
"4525" 2.5 4.8375 3.368389
"4526" 5 4.8375 3.416977
"4527" 7.5 4.8375 3.550857
"4557" 0 9.1984 5.62299
"4558" 1 9.1984 5.611289
"4559" 2.5 9.1984 5.593711
"4560" 5 9.1984 5.566137
"4561" 7.5 9.1984 5.266521
"4591" 0 9.1183 10.76595
"4592" 1 9.1183 10.28305
"4593" 2.5 9.1183 9.558706
"4594" 5 9.1183 8.346088
"4595" 7.5 9.1183 7.566566
"4625" 0 10.4871 12.92408
"4626" 1 10.4871 12.77049
"4627" 2.5 10.4871 12.5401
"4628" 5 10.4871 11.99707
"4629" 7.5 10.4871 10.78194
"4659" 0 17.3833 18.39546
"4660" 1 17.3833 18.20107
"4661" 2.5 17.3833 17.90949
"4662" 5 17.3833 15.95132
"4663" 7.5 17.3833 12.7459
"4693" 0 18.5258 24.63224
"4694" 1 18.5258 23.97085
"4695" 2.5 18.5258 22.97877
"4696" 5 18.5258 19.62149
"4697" 7.5 18.5258 16.4823
"4727" 0 16.9903 19.61226
"4728" 1 16.9903 19.48003
"4729" 2.5 16.9903 19.2818
"4730" 5 16.9903 18.3751
"4731" 7.5 16.9903 17.21988
"4761" 0 14.315 17.01903
"4762" 1 14.315 17.04138
"4763" 2.5 14.315 17.07465
"4764" 5 14.315 16.88244
"4765" 7.5 14.315 16.16359
"4795" 0 9.7565 13.51289
"4796" 1 9.7565 13.48819
"4797" 2.5 9.7565 13.45164
"4798" 5 9.7565 13.37493
"4799" 7.5 9.7565 13.18093
"4829" 0 3.935 9.640043
"4830" 1 3.935 9.678526
"4831" 2.5 3.935 9.74117
"4832" 5 3.935 9.833744
"4833" 7.5 3.935 9.936018
"4863" 0 0.8484 5.961097
"4864" 1 0.8484 5.959852
"4865" 2.5 0.8484 5.961471
"4866" 5 0.8484 5.95715
"4867" 7.5 0.8484 5.958358
"4897" 0 0.1629 4.69544
"4898" 1 0.1629 4.693731
"4899" 2.5 0.1629 4.691304
"4900" 5 0.1629 4.686474
"4901" 7.5 0.1629 4.68389
"4931" 0 4.1125 4.185674
"4932" 1 4.1125 4.193317
"4933" 2.5 4.1125 4.204779
"4934" 5 4.1125 4.226765
"4935" 7.5 4.1125 4.235446
"4965" 0 1.4484 3.516513
"4966" 1 1.4484 3.580459
"4967" 2.5 1.4484 3.676378
"4968" 5 1.4484 3.82264
"4969" 7.5 1.4484 3.866057
"4999" 0 6.3233 5.767157
"5000" 1 6.3233 5.633565
"5001" 2.5 6.3233 5.433178
"5002" 5 6.3233 5.141585
"5003" 7.5 6.3233 5.049496
"5033" 0 15.35 12.1386
"5034" 1 15.35 11.85667
"5035" 2.5 15.35 11.43378
"5036" 5 15.35 10.1308
"5037" 7.5 15.35 8.494821
"5067" 0 15.85 17.23518
"5068" 1 15.85 16.95497
"5069" 2.5 15.85 16.53465
"5070" 5 15.85 15.01032
"5071" 7.5 15.85 13.6551
"5101" 0 18.879 20.45388
"5102" 1 18.879 20.11151
"5103" 2.5 18.879 19.59796
"5104" 5 18.879 18.20007
"5105" 7.5 18.879 15.81427
"5135" 0 18.9823 22.5194
"5136" 1 18.9823 22.5226
"5137" 2.5 18.9823 22.5274
"5138" 5 18.9823 21.49761
"5139" 7.5 18.9823 16.33184
"5169" 0 16.7283 20.65022
"5170" 1 16.7283 20.68051
"5171" 2.5 16.7283 20.72593
"5172" 5 16.7283 20.61589
"5173" 7.5 16.7283 19.39874
"5203" 0 8.9 14.18446
"5204" 1 8.9 14.1869
"5205" 2.5 8.9 14.19055
"5206" 5 8.9 14.21168
"5207" 7.5 8.9 14.22262
"5237" 0 3.815 9.636292
"5238" 1 3.815 9.636502
"5239" 2.5 3.815 9.636632
"5240" 5 3.815 9.64546
"5241" 7.5 3.815 9.706064
"5271" 0 2.621 6.722083
"5272" 1 2.621 6.722967
"5273" 2.5 2.621 6.72304
"5274" 5 2.621 6.775
"5275" 7.5 2.621 6.862181
"5305" 0 0.4242 4.811297
"5306" 1 0.4242 4.811382
"5307" 2.5 0.4242 4.811274
"5308" 5 0.4242 4.820769
"5309" 7.5 0.4242 4.833391
"5339" 0 2.5018 4.328868
"5340" 1 2.5018 4.320231
"5341" 2.5 2.5018 4.311274
"5342" 5 2.5018 4.200209
"5343" 7.5 2.5018 4.132017
"5373" 0 8.1758 5.568297
"5374" 1 8.1758 5.512686
"5375" 2.5 8.1758 5.432242
"5376" 5 8.1758 5.384431
"5377" 7.5 8.1758 5.267802
"5407" 0 10.4017 10.75563
"5408" 1 10.4017 10.69815
"5409" 2.5 10.4017 10.61121
"5410" 5 10.4017 9.188698
"5411" 7.5 10.4017 7.769018
"5441" 0 14.0871 16.76638
"5442" 1 14.0871 16.76246
"5443" 2.5 14.0871 16.75657
"5444" 5 14.0871 14.65434
"5445" 7.5 14.0871 10.60752
"5475" 0 17.1983 19.31266
"5476" 1 17.1983 19.25018
"5477" 2.5 17.1983 19.15645
"5478" 5 17.1983 18.4037
"5479" 7.5 17.1983 13.83814
"5509" 0 20.3887 21.58789
"5510" 1 20.3887 21.49816
"5511" 2.5 20.3887 21.36357
"5512" 5 20.3887 19.28965
"5513" 7.5 20.3887 17.45848
"5543" 0 18.2613 20.426
"5544" 1 18.2613 20.44931
"5545" 2.5 18.2613 20.48428
"5546" 5 18.2613 20.21532
"5547" 7.5 18.2613 20.05476
"5577" 0 16.1117 19.8613
"5578" 1 16.1117 19.87316
"5579" 2.5 16.1117 19.89095
"5580" 5 16.1117 19.95217
"5581" 7.5 16.1117 19.12429
"5611" 0 9.6677 15.03679
"5612" 1 9.6677 15.1353
"5613" 2.5 9.6677 15.28309
"5614" 5 9.6677 15.27508
"5615" 7.5 9.6677 15.1688
"5645" 0 2.5733 9.508496
"5646" 1 2.5733 9.511295
"5647" 2.5 2.5733 9.515435
"5648" 5 2.5733 9.505681
"5649" 7.5 2.5733 9.528107
"5679" 0 2.9419 6.239976
"5680" 1 2.9419 6.232221
"5681" 2.5 2.9419 6.222045
"5682" 5 2.9419 6.202051
"5683" 7.5 2.9419 6.265998
"5713" 0 0.2226 5.054757
"5714" 1 0.2226 5.060171
"5715" 2.5 0.2226 5.074105
"5716" 5 0.2226 5.049805
"5717" 7.5 0.2226 5.054991
"5747" 0 2.8362 4.439758
"5748" 1 2.8362 4.428501
"5749" 2.5 2.8362 4.417832
"5750" 5 2.8362 4.316292
"5751" 7.5 2.8362 4.278221
"5781" 0 7.0694 3.997457
"5782" 1 7.0694 4.009448
"5783" 2.5 7.0694 4.028701
"5784" 5 7.0694 4.063669
"5785" 7.5 7.0694 4.059973
"5815" 0 9.2033 8.970792
"5816" 1 9.2033 8.975505
"5817" 2.5 9.2033 8.982377
"5818" 5 9.2033 6.881196
"5819" 7.5 9.2033 6.309128
"5849" 0 14.7694 16.47745
"5850" 1 14.7694 16.46641
"5851" 2.5 14.7694 16.4499
"5852" 5 14.7694 12.12511
"5853" 7.5 14.7694 10.06011
"5883" 0 17.8217 21.79592
"5884" 1 17.8217 21.53812
"5885" 2.5 17.8217 21.15139
"5886" 5 17.8217 18.89296
"5887" 7.5 17.8217 15.24321
"5917" 0 16.4774 18.92109
"5918" 1 16.4774 18.87518
"5919" 2.5 16.4774 18.80631
"5920" 5 16.4774 18.69892
"5921" 7.5 16.4774 18.16462
"5951" 0 17.8871 19.03033
"5952" 1 17.8871 18.74945
"5953" 2.5 17.8871 18.32812
"5954" 5 17.8871 18.35142
"5955" 7.5 17.8871 16.74457
"5985" 0 13.3067 16.63705
"5986" 1 13.3067 16.62848
"5987" 2.5 13.3067 16.61567
"5988" 5 13.3067 16.69466
"5989" 7.5 13.3067 16.7095
"6019" 0 9.7935 13.30546
"6020" 1 9.7935 13.21441
"6021" 2.5 9.7935 13.07747
"6022" 5 9.7935 13.04374
"6023" 7.5 9.7935 12.97219
"6053" 0 6.9667 9.151516
"6054" 1 6.9667 9.12747
"6055" 2.5 6.9667 9.091747
"6056" 5 6.9667 9.04561
"6057" 7.5 6.9667 9.036263
"6087" 0 0.8919 6.496361
"6088" 1 0.8919 6.506336
"6089" 2.5 0.8919 6.525975
"6090" 5 0.8919 6.543788
"6091" 7.5 0.8919 6.578388
"6121" 0 0.129 4.934276
"6122" 1 0.129 4.935617
"6123" 2.5 0.129 4.941821
"6124" 5 0.129 4.919517
"6125" 7.5 0.129 4.898624
"6155" 0 6.1107 5.351669
"6156" 1 6.1107 5.255024
"6157" 2.5 6.1107 5.110421
"6158" 5 6.1107 4.876254
"6159" 7.5 6.1107 4.651126
"6189" 0 7.7403 7.431747
"6190" 1 7.7403 7.215127
"6191" 2.5 7.7403 6.890163
"6192" 5 7.7403 6.034942
"6193" 7.5 7.7403 5.64574
"6223" 0 12.515 11.51588
"6224" 1 12.515 11.44563
"6225" 2.5 12.515 11.34029
"6226" 5 12.515 9.492983
"6227" 7.5 12.515 8.189153
"6257" 0 12.2081 11.18559
"6258" 1 12.2081 11.09529
"6259" 2.5 12.2081 10.95984
"6260" 5 12.2081 11.03154
"6261" 7.5 12.2081 9.488023
"6291" 0 17.2683 18.51767
"6292" 1 17.2683 18.24434
"6293" 2.5 17.2683 17.83433
"6294" 5 17.2683 16.07843
"6295" 7.5 17.2683 13.49945
"6325" 0 17.2597 23.96326
"6326" 1 17.2597 23.76742
"6327" 2.5 17.2597 23.47365
"6328" 5 17.2597 19.8083
"6329" 7.5 17.2597 16.61462
"6359" 0 17.7823 22.09273
"6360" 1 17.7823 22.0511
"6361" 2.5 17.7823 21.98865
"6362" 5 17.7823 20.01571
"6363" 7.5 17.7823 19.25364
"6393" 0 18.9967 21.65172
"6394" 1 18.9967 21.58106
"6395" 2.5 18.9967 21.47507
"6396" 5 18.9967 19.89037
"6397" 7.5 18.9967 19.8736
"6427" 0 11.4919 16.83929
"6428" 1 11.4919 16.84051
"6429" 2.5 11.4919 16.84235
"6430" 5 11.4919 16.86989
"6431" 7.5 11.4919 16.78523
"6461" 0 4.43 10.44394
"6462" 1 4.43 10.47555
"6463" 2.5 4.43 10.52296
"6464" 5 4.43 10.61831
"6465" 7.5 4.43 10.6144
"6495" 0 1.3758 7.072648
"6496" 1 1.3758 7.132089
"6497" 2.5 1.3758 7.22125
"6498" 5 1.3758 7.376665
"6499" 7.5 1.3758 7.364982
"6529" 0 2.0048 4.874212
"6530" 1 2.0048 4.852155
"6531" 2.5 2.0048 4.81907
"6532" 5 2.0048 4.738121
"6533" 7.5 2.0048 4.652147
"6563" 0 0.6089 4.164139
"6564" 1 0.6089 4.183033
"6565" 2.5 0.6089 4.211374
"6566" 5 0.6089 4.242736
"6567" 7.5 0.6089 4.279795
"6597" 0 1.9565 3.963369
"6598" 1 1.9565 3.976823
"6599" 2.5 1.9565 3.997005
"6600" 5 1.9565 4.034953
"6601" 7.5 1.9565 4.071791
"6631" 0 9.6133 10.83687
"6632" 1 9.6133 10.24864
"6633" 2.5 9.6133 9.366288
"6634" 5 9.6133 7.294004
"6635" 7.5 9.6133 5.140408
"6665" 0 11.3952 11.50155
"6666" 1 11.3952 11.36496
"6667" 2.5 11.3952 11.16007
"6668" 5 11.3952 10.67767
"6669" 7.5 11.3952 10.07175
"6699" 0 15.8783 14.75791
"6700" 1 15.8783 14.72377
"6701" 2.5 15.8783 14.67257
"6702" 5 15.8783 14.55372
"6703" 7.5 15.8783 14.24754
"6733" 0 17.7129 18.45814
"6734" 1 17.7129 18.37558
"6735" 2.5 17.7129 18.25175
"6736" 5 17.7129 17.9419
"6737" 7.5 17.7129 17.49072
"6767" 0 19.529 23.16681
"6768" 1 19.529 23.07249
"6769" 2.5 19.529 22.93107
"6770" 5 19.529 22.23944
"6771" 7.5 19.529 19.81944
"6801" 0 14.7333 19.72526
"6802" 1 14.7333 19.74255
"6803" 2.5 14.7333 19.76823
"6804" 5 14.7333 19.31419
"6805" 7.5 14.7333 16.76415
"6835" 0 10.5129 14.63584
"6836" 1 10.5129 14.53699
"6837" 2.5 10.5129 14.38899
"6838" 5 10.5129 14.68391
"6839" 7.5 10.5129 14.36686
"6869" 0 2.6267 10.05
"6870" 1 2.6267 10.03124
"6871" 2.5 2.6267 10.00184
"6872" 5 2.6267 10.02358
"6873" 7.5 2.6267 10.15129
"6903" 0 -3.1161 5.003387
"6904" 1 -3.1161 5.0321
"6905" 2.5 -3.1161 5.100593
"6906" 5 -3.1161 5.252899
"6907" 7.5 -3.1161 5.3811
"6937" 0 -5.5645 2.664619
"6938" 1 -5.5645 2.779214
"6939" 2.5 -5.5645 2.861887
"6940" 5 -5.5645 2.920773
"6941" 7.5 -5.5645 2.986901
"6971" 0 -3.2339 0.06327046
"6972" 1 -3.2339 0.3915572
"6973" 2.5 -3.2339 0.6703749
"6974" 5 -3.2339 0.863852
"6975" 7.5 -3.2339 0.9687518
"7005" 0 4.1565 3.374953
"7006" 1 4.1565 3.221207
"7007" 2.5 4.1565 2.976238
"7008" 5 4.1565 2.533859
"7009" 7.5 4.1565 2.397842
"7039" 0 10.07 8.416501
"7040" 1 10.07 7.710481
"7041" 2.5 10.07 6.660392
"7042" 5 10.07 5.31777
"7043" 7.5 10.07 4.74735
"7073" 0 12.3887 12.56962
"7074" 1 12.3887 12.33359
"7075" 2.5 12.3887 11.97908
"7076" 5 12.3887 11.45783
"7077" 7.5 12.3887 10.4422
"7107" 0 16.715 17.39205
"7108" 1 16.715 16.78503
"7109" 2.5 16.715 15.87485
"7110" 5 16.715 12.46153
"7111" 7.5 16.715 9.732372
"7141" 0 19.471 21.85595
"7142" 1 19.471 21.68367
"7143" 2.5 19.471 21.42518
"7144" 5 19.471 18.82818
"7145" 7.5 19.471 15.80134
"7175" 0 17.0565 21.16543
"7176" 1 17.0565 21.19624
"7177" 2.5 17.0565 21.24246
"7178" 5 17.0565 20.88602
"7179" 7.5 17.0565 20.05112
"7209" 0 15.4317 17.01829
"7210" 1 15.4317 16.97974
"7211" 2.5 15.4317 16.9219
"7212" 5 15.4317 16.84228
"7213" 7.5 15.4317 16.67027
"7243" 0 9.8323 14.19625
"7244" 1 9.8323 14.15393
"7245" 2.5 9.8323 14.09052
"7246" 5 9.8323 14.0684
"7247" 7.5 9.8323 14.07156
"7277" 0 8.115 10.69419
"7278" 1 8.115 10.66382
"7279" 2.5 8.115 10.61812
"7280" 5 8.115 10.54302
"7281" 7.5 8.115 10.54089
"7311" 0 -2.4935 6.574853
"7312" 1 -2.4935 6.597892
"7313" 2.5 -2.4935 6.633623
"7314" 5 -2.4935 6.697164
"7315" 7.5 -2.4935 6.717635
"7345" 0 -2.8935 3.827436
"7346" 1 -2.8935 3.858942
"7347" 2.5 -2.8935 3.910827
"7348" 5 -2.8935 3.949063
"7349" 7.5 -2.8935 4.016271
"7379" 0 2.7103 3.183187
"7380" 1 2.7103 3.221995
"7381" 2.5 2.7103 3.281503
"7382" 5 2.7103 3.305878
"7383" 7.5 2.7103 3.339417
"7413" 0 3.2 3.784043
"7414" 1 3.2 3.781554
"7415" 2.5 3.2 3.777751
"7416" 5 3.2 3.650842
"7417" 7.5 3.2 3.657449
"7447" 0 10.3533 7.714401
"7448" 1 10.3533 7.617423
"7449" 2.5 10.3533 7.471969
"7450" 5 10.3533 5.36063
"7451" 7.5 10.3533 5.054882
"7481" 0 14.9161 12.88019
"7482" 1 14.9161 12.79372
"7483" 2.5 14.9161 12.66402
"7484" 5 14.9161 11.51618
"7485" 7.5 14.9161 8.658994
"7515" 0 18.01 20.30159
"7516" 1 18.01 20.20645
"7517" 2.5 18.01 20.06375
"7518" 5 18.01 19.54519
"7519" 7.5 18.01 15.89414
"7549" 0 20.4452 21.17331
"7550" 1 20.4452 21.14834
"7551" 2.5 20.4452 21.11089
"7552" 5 20.4452 19.96831
"7553" 7.5 20.4452 19.78033
"7583" 0 17.7081 20.81775
"7584" 1 17.7081 20.77854
"7585" 2.5 17.7081 20.71972
"7586" 5 17.7081 20.2258
"7587" 7.5 17.7081 19.28947
"7617" 0 15.3933 18.17311
"7618" 1 15.3933 18.22088
"7619" 2.5 15.3933 18.29252
"7620" 5 15.3933 18.32361
"7621" 7.5 15.3933 18.46758
"7651" 0 8.1855 13.95371
"7652" 1 8.1855 13.95661
"7653" 2.5 8.1855 13.96097
"7654" 5 8.1855 14.04877
"7655" 7.5 8.1855 14.06789
"7685" 0 5.42 8.910374
"7686" 1 5.42 8.91764
"7687" 2.5 5.42 8.928541
"7688" 5 5.42 8.948469
"7689" 7.5 5.42 8.973673
"7719" 0 -0.171 6.028835
"7720" 1 -0.171 6.062799
"7721" 2.5 -0.171 6.113746
"7722" 5 -0.171 6.201295
"7723" 7.5 -0.171 6.340717
"7753" 0 1.3226 4.733766
"7754" 1 1.3226 4.737758
"7755" 2.5 1.3226 4.743746
"7756" 5 1.3226 4.757428
"7757" 7.5 1.3226 4.825462
"7787" 0 -1.9607 3.230146
"7788" 1 -1.9607 3.260025
"7789" 2.5 -1.9607 3.304842
"7790" 5 -1.9607 3.377977
"7791" 7.5 -1.9607 3.468517
"7821" 0 4.7258 3.652451
"7822" 1 4.7258 3.663281
"7823" 2.5 4.7258 3.679527
"7824" 5 4.7258 3.708569
"7825" 7.5 4.7258 3.698872
"7855" 0 7.505 4.93788
"7856" 1 7.505 4.955455
"7857" 2.5 7.505 4.981817
"7858" 5 7.505 4.999384
"7859" 7.5 7.505 4.986704
"7889" 0 12.321 10.98355
"7890" 1 12.321 10.72431
"7891" 2.5 12.321 10.33544
"7892" 5 12.321 9.604769
"7893" 7.5 12.321 9.120039
"7923" 0 16.9617 16.1474
"7924" 1 16.9617 15.8902
"7925" 2.5 16.9617 15.5044
"7926" 5 16.9617 13.47345
"7927" 7.5 16.9617 12.49969
"7957" 0 16.9726 18.36448
"7958" 1 16.9726 18.25769
"7959" 2.5 16.9726 18.0975
"7960" 5 16.9726 17.54177
"7961" 7.5 16.9726 16.9434
"7991" 0 17.0403 19.8912
"7992" 1 17.0403 19.87569
"7993" 2.5 17.0403 19.85242
"7994" 5 17.0403 19.86007
"7995" 7.5 17.0403 19.08023
"8025" 0 13.2433 16.27668
"8026" 1 13.2433 16.28491
"8027" 2.5 13.2433 16.29726
"8028" 5 13.2433 16.29244
"8029" 7.5 13.2433 16.1278
"8059" 0 9.5484 12.98149
"8060" 1 9.5484 13.05231
"8061" 2.5 9.5484 13.15853
"8062" 5 9.5484 13.28366
"8063" 7.5 9.5484 13.16957
"8093" 0 3.6733 9.495307
"8094" 1 3.6733 9.503777
"8095" 2.5 3.6733 9.516482
"8096" 5 3.6733 9.49705
"8097" 7.5 3.6733 9.447554
"8127" 0 3.0097 5.910057
"8128" 1 3.0097 5.946375
"8129" 2.5 3.0097 6.000853
"8130" 5 3.0097 6.089516
"8131" 7.5 3.0097 6.187978
"8161" 0 -1.9242 4.30906
"8162" 1 -1.9242 4.351893
"8163" 2.5 -1.9242 4.416141
"8164" 5 -1.9242 4.502578
"8165" 7.5 -1.9242 4.577884
"8195" 0 6.5714 4.64789
"8196" 1 6.5714 4.624143
"8197" 2.5 6.5714 4.588521
"8198" 5 6.5714 4.557241
"8199" 7.5 6.5714 4.464541
"8229" 0 4.4903 5.106438
"8230" 1 4.4903 5.139722
"8231" 2.5 4.4903 5.189647
"8232" 5 4.4903 5.220266
"8233" 7.5 4.4903 5.047896
"8263" 0 10.9483 9.751239
"8264" 1 10.9483 9.343696
"8265" 2.5 10.9483 8.732382
"8266" 5 10.9483 8.169767
"8267" 7.5 10.9483 7.555781
"8297" 0 14.0468 18.00942
"8298" 1 14.0468 17.09934
"8299" 2.5 14.0468 15.73421
"8300" 5 14.0468 14.8879
"8301" 7.5 14.0468 13.7806
"8331" 0 17.6917 19.44475
"8332" 1 17.6917 19.21249
"8333" 2.5 17.6917 18.86409
"8334" 5 17.6917 18.70369
"8335" 7.5 17.6917 18.11923
"8365" 0 16.671 19.80032
"8366" 1 16.671 19.64991
"8367" 2.5 16.671 19.42431
"8368" 5 16.671 17.94727
"8369" 7.5 16.671 16.93907
"8399" 0 16.2758 18.90571
"8400" 1 16.2758 18.8043
"8401" 2.5 16.2758 18.65219
"8402" 5 16.2758 18.68093
"8403" 7.5 16.2758 18.13783
"8433" 0 16.125 17.54757
"8434" 1 16.125 17.50472
"8435" 2.5 16.125 17.44045
"8436" 5 16.125 17.4149
"8437" 7.5 16.125 17.87296
"8467" 0 12.9919 16.19184
"8468" 1 12.9919 16.14768
"8469" 2.5 12.9919 16.08145
"8470" 5 12.9919 15.92303
"8471" 7.5 12.9919 13.65665
"8501" 0 2.9133 10.3286
"8502" 1 2.9133 10.33313
"8503" 2.5 2.9133 10.33993
"8504" 5 2.9133 10.39756
"8505" 7.5 2.9133 9.338898
"8535" 0 2.1323 6.264292
"8536" 1 2.1323 6.254185
"8537" 2.5 2.1323 6.239025
"8538" 5 2.1323 6.206423
"8539" 7.5 2.1323 6.329346
"8569" 0 0.7581 4.74206
"8570" 1 0.7581 4.737396
"8571" 2.5 0.7581 4.730401
"8572" 5 0.7581 4.720833
"8573" 7.5 0.7581 4.731144
"8603" 0 3.3214 4.103283
"8604" 1 3.3214 4.301061
"8605" 2.5 3.3214 4.597728
"8606" 5 3.3214 4.972494
"8607" 7.5 3.3214 4.678674
"8637" 0 6.6871 4.198903
"8638" 1 6.6871 4.515273
"8639" 2.5 6.6871 4.989828
"8640" 5 6.6871 5.589439
"8641" 7.5 6.6871 5.160115
"8671" 0 8.035 9.079791
"8672" 1 8.035 8.204758
"8673" 2.5 8.035 6.892208
"8674" 5 8.035 4.501187
"8675" 7.5 8.035 5.33991
"8705" 0 13.3806 14.01487
"8706" 1 13.3806 13.83869
"8707" 2.5 13.3806 13.57441
"8708" 5 13.3806 10.30094
"8709" 7.5 13.3806 9.182446
"8739" 0 15.6667 16.96803
"8740" 1 15.6667 16.36454
"8741" 2.5 15.6667 15.45931
"8742" 5 15.6667 15.19096
"8743" 7.5 15.6667 14.5937
"8773" 0 20.4871 22.80111
"8774" 1 20.4871 21.96494
"8775" 2.5 20.4871 20.71068
"8776" 5 20.4871 19.88092
"8777" 7.5 20.4871 17.43242
"8807" 0 18.179 20.13657
"8808" 1 18.179 20.03491
"8809" 2.5 18.179 19.88242
"8810" 5 18.179 19.75552
"8811" 7.5 18.179 19.46733
"8841" 0 14.6933 16.94615
"8842" 1 14.6933 16.94268
"8843" 2.5 14.6933 16.93746
"8844" 5 14.6933 16.97126
"8845" 7.5 14.6933 16.88623
"8875" 0 13.3903 15.47668
"8876" 1 13.3903 15.44932
"8877" 2.5 13.3903 15.40828
"8878" 5 13.3903 15.44456
"8879" 7.5 13.3903 15.1355
"8909" 0 4.6717 11.08477
"8910" 1 4.6717 11.08674
"8911" 2.5 4.6717 11.08969
"8912" 5 4.6717 10.99167
"8913" 7.5 4.6717 10.97759
"8943" 0 -0.6726 6.783975
"8944" 1 -0.6726 6.800242
"8945" 2.5 -0.6726 6.824642
"8946" 5 -0.6726 6.86534
"8947" 7.5 -0.6726 6.854123
"8977" 0 -0.4597 4.598624
"8978" 1 -0.4597 4.668512
"8979" 2.5 -0.4597 4.773345
"8980" 5 -0.4597 4.799804
"8981" 7.5 -0.4597 4.792071
"9011" 0 2.5759 3.696598
"9012" 1 2.5759 3.744217
"9013" 2.5 2.5759 3.815646
"9014" 5 2.5759 3.899385
"9015" 7.5 2.5759 3.897802
"9045" 0 5.6984 4.146795
"9046" 1 5.6984 4.075447
"9047" 2.5 5.6984 3.968425
"9048" 5 5.6984 4.299097
"9049" 7.5 5.6984 3.938597
"9079" 0 10.57 12.04652
"9080" 1 10.57 11.86682
"9081" 2.5 10.57 11.59727
"9082" 5 10.57 8.836602
"9083" 7.5 10.57 7.721614
"9113" 0 12.7161 13.68911
"9114" 1 12.7161 13.45632
"9115" 2.5 12.7161 13.10714
"9116" 5 12.7161 12.45749
"9117" 7.5 12.7161 11.14429
"9147" 0 16.6567 16.69263
"9148" 1 16.6567 16.55383
"9149" 2.5 16.6567 16.34562
"9150" 5 16.6567 16.07755
"9151" 7.5 16.6567 15.12411
"9181" 0 17.9758 19.31653
"9182" 1 17.9758 19.29757
"9183" 2.5 17.9758 19.26914
"9184" 5 17.9758 19.15497
"9185" 7.5 17.9758 18.13818
"9215" 0 16.6548 18.13447
"9216" 1 16.6548 18.03545
"9217" 2.5 16.6548 17.88693
"9218" 5 16.6548 17.87043
"9219" 7.5 16.6548 17.52562
"9249" 0 14.2217 17.79772
"9250" 1 14.2217 17.77863
"9251" 2.5 14.2217 17.74999
"9252" 5 14.2217 17.72525
"9253" 7.5 14.2217 17.71453
"9283" 0 12.0903 14.87778
"9284" 1 12.0903 14.87992
"9285" 2.5 12.0903 14.88313
"9286" 5 12.0903 14.9727
"9287" 7.5 12.0903 14.79897
"9317" 0 4.3333 9.622372
"9318" 1 4.3333 9.620677
"9319" 2.5 4.3333 9.618135
"9320" 5 4.3333 9.634761
"9321" 7.5 4.3333 9.59537
"9351" 0 -0.6806 6.064352
"9352" 1 -0.6806 6.066553
"9353" 2.5 -0.6806 6.069853
"9354" 5 -0.6806 6.056532
"9355" 7.5 -0.6806 6.156277
"9385" 0 0.7065 4.518572
"9386" 1 0.7065 4.517649
"9387" 2.5 0.7065 4.516264
"9388" 5 0.7065 4.515352
"9389" 7.5 0.7065 4.594423
"9419" 0 -0.0446 3.999567
"9420" 1 -0.0446 3.998167
"9421" 2.5 -0.0446 3.996067
"9422" 5 -0.0446 3.991443
"9423" 7.5 -0.0446 4.005238
"9453" 0 4.579 4.070513
"9454" 1 4.579 4.099326
"9455" 2.5 4.579 4.142544
"9456" 5 4.579 4.218848
"9457" 7.5 4.579 4.222113
"9487" 0 8.2017 5.916115
"9488" 1 8.2017 5.809992
"9489" 2.5 8.2017 5.650807
"9490" 5 8.2017 5.422009
"9491" 7.5 8.2017 5.454012
"9521" 0 14.5565 15.13018
"9522" 1 14.5565 14.31925
"9523" 2.5 14.5565 13.10284
"9524" 5 14.5565 11.47399
"9525" 7.5 14.5565 11.22038
"9555" 0 14.505 16.11343
"9556" 1 14.505 16.0943
"9557" 2.5 14.505 16.06559
"9558" 5 14.505 15.7683
"9559" 7.5 14.505 13.47499
"9589" 0 19.4226 21.56076
"9590" 1 19.4226 21.68799
"9591" 2.5 19.4226 21.87884
"9592" 5 19.4226 20.18352
"9593" 7.5 19.4226 16.52195
"9623" 0 17.2742 20.82972
"9624" 1 17.2742 20.77958
"9625" 2.5 17.2742 20.70435
"9626" 5 17.2742 19.88684
"9627" 7.5 17.2742 16.99558
"9657" 0 15.9917 17.76455
"9658" 1 15.9917 17.85385
"9659" 2.5 15.9917 17.9878
"9660" 5 15.9917 17.96226
"9661" 7.5 15.9917 16.89937
"9691" 0 11.2242 15.18858
"9692" 1 11.2242 15.20085
"9693" 2.5 11.2242 15.21924
"9694" 5 11.2242 15.3697
"9695" 7.5 11.2242 15.31541
"9725" 0 5.5583 10.29489
"9726" 1 5.5583 10.26541
"9727" 2.5 5.5583 10.22119
"9728" 5 5.5583 10.22656
"9729" 7.5 5.5583 10.17507
"9759" 0 -3.6371 6.253039
"9760" 1 -3.6371 6.131641
"9761" 2.5 -3.6371 5.949543
"9762" 5 -3.6371 5.946578
"9763" 7.5 -3.6371 6.1045
"9793" 0 -0.2419 4.223014
"9794" 1 -0.2419 4.199766
"9795" 2.5 -0.2419 4.164892
"9796" 5 -0.2419 4.161813
"9797" 7.5 -0.2419 4.283338
"9827" 0 1.1821 3.604884
"9828" 1 1.1821 3.641237
"9829" 2.5 1.1821 3.695768
"9830" 5 1.1821 3.795085
"9831" 7.5 1.1821 3.858823
"9861" 0 2.671 3.345953
"9862" 1 2.671 3.381685
"9863" 2.5 2.671 3.435283
"9864" 5 2.671 3.313265
"9865" 7.5 2.671 3.645985
"9895" 0 6.805 4.730135
"9896" 1 6.805 4.691465
"9897" 2.5 6.805 4.633461
"9898" 5 6.805 4.659295
"9899" 7.5 6.805 4.629188
"9929" 0 11.9355 10.58039
"9930" 1 11.9355 10.44317
"9931" 2.5 11.9355 10.23735
"9932" 5 11.9355 10.66225
"9933" 7.5 11.9355 8.830079
"9963" 0 18.2117 19.28329
"9964" 1 18.2117 19.13288
"9965" 2.5 18.2117 18.90725
"9966" 5 18.2117 15.72165
"9967" 7.5 18.2117 13.0063
"9997" 0 18.0694 19.2152
"9998" 1 18.0694 18.28852
"9999" 2.5 18.0694 16.89852
"10000" 5 18.0694 12.35553
"10001" 7.5 18.0694 9.238024
"10031" 0 18.3323 19.97743
"10032" 1 18.3323 19.64892
"10033" 2.5 18.3323 19.15615
"10034" 5 18.3323 17.95957
"10035" 7.5 18.3323 15.73559
"10065" 0 15.78 17.96331
"10066" 1 15.78 18.17549
"10067" 2.5 15.78 18.49378
"10068" 5 15.78 18.34866
"10069" 7.5 15.78 17.81742
"10099" 0 9.8081 13.7243
"10100" 1 9.8081 13.7646
"10101" 2.5 9.8081 13.82505
"10102" 5 9.8081 13.85909
"10103" 7.5 9.8081 13.85398
"10133" 0 6.2983 9.735364
"10134" 1 6.2983 9.730621
"10135" 2.5 6.2983 9.723507
"10136" 5 6.2983 9.756685
"10137" 7.5 6.2983 9.58513
"10167" 0 -0.3823 6.536154
"10168" 1 -0.3823 6.625457
"10169" 2.5 -0.3823 6.759413
"10170" 5 -0.3823 6.981151
"10171" 7.5 -0.3823 6.965555
"10201" 0 -1.3548 4.395238
"10202" 1 -1.3548 4.429526
"10203" 2.5 -1.3548 4.480959
"10204" 5 -1.3548 4.593912
"10205" 7.5 -1.3548 4.618629
"10235" 0 0.1429 3.475829
"10236" 1 0.1429 3.480835
"10237" 2.5 0.1429 3.488344
"10238" 5 0.1429 3.522766
"10239" 7.5 0.1429 3.529464
"10269" 0 1.0387 2.260933
"10270" 1 1.0387 2.372731
"10271" 2.5 1.0387 2.54043
"10272" 5 1.0387 2.934754
"10273" 7.5 1.0387 3.166384
"10303" 0 11.0267 9.327528
"10304" 1 11.0267 9.15958
"10305" 2.5 11.0267 8.907658
"10306" 5 11.0267 6.301099
"10307" 7.5 11.0267 5.712462
"10337" 0 14.6806 16.77352
"10338" 1 14.6806 16.70155
"10339" 2.5 14.6806 16.59359
"10340" 5 14.6806 13.92389
"10341" 7.5 14.6806 9.766127
"10371" 0 14.6717 16.30987
"10372" 1 14.6717 16.34376
"10373" 2.5 14.6717 16.3946
"10374" 5 14.6717 14.74821
"10375" 7.5 14.6717 11.10662
"10405" 0 19.2242 19.78032
"10406" 1 19.2242 19.75482
"10407" 2.5 19.2242 19.71657
"10408" 5 19.2242 19.03427
"10409" 7.5 19.2242 15.67619
"10439" 0 18.7903 22.32477
"10440" 1 18.7903 22.26628
"10441" 2.5 18.7903 22.17854
"10442" 5 18.7903 21.89462
"10443" 7.5 18.7903 20.14521
"10473" 0 13.72 17.33594
"10474" 1 13.72 17.29207
"10475" 2.5 13.72 17.22627
"10476" 5 13.72 18.07603
"10477" 7.5 13.72 17.92607
"10507" 0 10.9242 15.4417
"10508" 1 10.9242 15.4265
"10509" 2.5 10.9242 15.40371
"10510" 5 10.9242 15.42144
"10511" 7.5 10.9242 15.42167
"10541" 0 3.52 10.91337
"10542" 1 3.52 10.82265
"10543" 2.5 3.52 10.68657
"10544" 5 3.52 10.77199
"10545" 7.5 3.52 10.77999
"10575" 0 1.6242 7.17501
"10576" 1 1.6242 7.092764
"10577" 2.5 1.6242 6.969396
"10578" 5 1.6242 7.190847
"10579" 7.5 1.6242 7.212853
"10609" 0 0.0823 4.979039
"10610" 1 0.0823 4.998619
"10611" 2.5 0.0823 5.02799
"10612" 5 0.0823 5.078583
"10613" 7.5 0.0823 5.05091
"10643" 0 3.9121 4.361731
"10644" 1 3.9121 4.357026
"10645" 2.5 3.9121 4.349969
"10646" 5 3.9121 4.296501
"10647" 7.5 3.9121 4.333866
"10677" 0 7.2339 5.058247
"10678" 1 7.2339 5.116845
"10679" 2.5 7.2339 5.204743
"10680" 5 7.2339 5.369966
"10681" 7.5 7.2339 5.142219
"10711" 0 7.8533 8.960176
"10712" 1 7.8533 8.641847
"10713" 2.5 7.8533 8.164353
"10714" 5 7.8533 7.663506
"10715" 7.5 7.8533 7.196186
"10745" 0 11.9516 12.17448
"10746" 1 11.9516 11.7083
"10747" 2.5 11.9516 11.00902
"10748" 5 11.9516 9.708291
"10749" 7.5 11.9516 9.07118
"10779" 0 14.6483 16.25472
"10780" 1 14.6483 15.86834
"10781" 2.5 14.6483 15.28877
"10782" 5 14.6483 14.52402
"10783" 7.5 14.6483 13.55962
"10813" 0 17.55 22.43527
"10814" 1 17.55 22.13089
"10815" 2.5 17.55 21.67432
"10816" 5 17.55 20.06643
"10817" 7.5 17.55 17.68168
"10847" 0 16.5806 21.42835
"10848" 1 16.5806 21.39269
"10849" 2.5 16.5806 21.33921
"10850" 5 16.5806 20.19847
"10851" 7.5 16.5806 18.20372
"10881" 0 11.6333 16.4703
"10882" 1 11.6333 16.38031
"10883" 2.5 11.6333 16.24531
"10884" 5 11.6333 16.28407
"10885" 7.5 11.6333 16.17226
"10915" 0 7.7726 12.87459
"10916" 1 7.7726 12.84839
"10917" 2.5 7.7726 12.80913
"10918" 5 7.7726 12.6477
"10919" 7.5 7.7726 12.60232
"10949" 0 5.12 9.174058
"10950" 1 5.12 9.164884
"10951" 2.5 5.12 9.150997
"10952" 5 5.12 9.187632
"10953" 7.5 5.12 9.12388
"10983" 0 -0.2468 6.391729
"10984" 1 -0.2468 6.4478
"10985" 2.5 -0.2468 6.532669
"10986" 5 -0.2468 6.52463
"10987" 7.5 -0.2468 6.532718
"11017" 0 -0.7339 4.76777
"11018" 1 -0.7339 4.824195
"11019" 2.5 -0.7339 4.906429
"11020" 5 -0.7339 4.91823
"11021" 7.5 -0.7339 4.922454
"11051" 0 0.3964 4.297305
"11052" 1 0.3964 4.310228
"11053" 2.5 0.3964 4.339427
"11054" 5 0.3964 4.31034
"11055" 7.5 0.3964 4.301743
"11085" 0 3.4952 4.430853
"11086" 1 3.4952 4.384975
"11087" 2.5 3.4952 4.345363
"11088" 5 3.4952 4.289696
"11089" 7.5 3.4952 4.339138
"11119" 0 5.6483 5.617661
"11120" 1 5.6483 5.578848
"11121" 2.5 5.6483 5.520643
"11122" 5 5.6483 5.402073
"11123" 7.5 5.6483 5.037057
"11153" 0 14.0194 12.14148
"11154" 1 14.0194 12.1152
"11155" 2.5 14.0194 11.97578
"11156" 5 14.0194 11.30201
"11157" 7.5 14.0194 9.093716
"11187" 0 16.6383 19.34208
"11188" 1 16.6383 19.02286
"11189" 2.5 16.6383 18.70661
"11190" 5 16.6383 16.88615
"11191" 7.5 16.6383 15.14855
"11221" 0 17.6016 20.71137
"11222" 1 17.6016 20.43829
"11223" 2.5 17.6016 20.02316
"11224" 5 17.6016 18.7539
"11225" 7.5 17.6016 17.49287
"11255" 0 19.4677 21.39476
"11256" 1 19.4677 21.11354
"11257" 2.5 19.4677 20.59877
"11258" 5 19.4677 19.36489
"11259" 7.5 19.4677 18.51367
"11289" 0 15.6867 20.11139
"11290" 1 15.6867 19.91469
"11291" 2.5 15.6867 19.79034
"11292" 5 15.6867 19.70909
"11293" 7.5 15.6867 19.22859
"11323" 0 8.1016 14.38243
"11324" 1 8.1016 14.28392
"11325" 2.5 8.1016 14.15664
"11326" 5 8.1016 14.24431
"11327" 7.5 8.1016 14.21231
"11357" 0 3.9217 8.481317
"11358" 1 3.9217 8.430562
"11359" 2.5 3.9217 8.461801
"11360" 5 3.9217 8.49104
"11361" 7.5 3.9217 8.482201
"11391" 0 0.8403 5.617454
"11392" 1 0.8403 5.557501
"11393" 2.5 0.8403 5.536473
"11394" 5 0.8403 5.520258
"11395" 7.5 0.8403 5.533797
"11425" 0 3.2097 4.867112
"11426" 1 3.2097 4.864653
"11427" 2.5 3.2097 4.857992
"11428" 5 3.2097 4.855289
"11429" 7.5 3.2097 4.84098
"11459" 0 3.2804 4.403511
"11460" 1 3.2804 4.393642
"11461" 2.5 3.2804 4.423373
"11462" 5 3.2804 4.428049
"11463" 7.5 3.2804 4.489987
"11493" 0 7.4935 5.739861
"11494" 1 7.4935 5.483607
"11495" 2.5 7.4935 5.469227
"11496" 5 7.4935 5.228974
"11497" 7.5 7.4935 4.790621
"11527" 0 8.8333 10.41745
"11528" 1 8.8333 10.01536
"11529" 2.5 8.8333 9.614296
"11530" 5 8.8333 8.982936
"11531" 7.5 8.8333 6.641534
"11561" 0 11.8371 13.6445
"11562" 1 11.8371 13.29187
"11563" 2.5 11.8371 12.68996
"11564" 5 11.8371 11.76783
"11565" 7.5 11.8371 10.37013
"11595" 0 14.8567 18.18594
"11596" 1 14.8567 17.90736
"11597" 2.5 14.8567 17.41149
"11598" 5 14.8567 16.37394
"11599" 7.5 14.8567 14.39332
"11629" 0 17.5177 19.22454
"11630" 1 17.5177 19.1296
"11631" 2.5 17.5177 19.02763
"11632" 5 17.5177 18.19794
"11633" 7.5 17.5177 17.10747
"11663" 0 18.871 20.9769
"11664" 1 18.871 20.80737
"11665" 2.5 18.871 20.6821
"11666" 5 18.871 19.88069
"11667" 7.5 18.871 18.60366
"11697" 0 14.3233 18.94194
"11698" 1 14.3233 18.87299
"11699" 2.5 14.3233 18.90226
"11700" 5 14.3233 18.67888
"11701" 7.5 14.3233 18.14314
"11731" 0 5.3048 11.85752
"11732" 1 5.3048 11.94548
"11733" 2.5 5.3048 12.03741
"11734" 5 5.3048 11.95489
"11735" 7.5 5.3048 11.85849
"11765" 0 4.8083 8.100356
"11766" 1 4.8083 8.006393
"11767" 2.5 4.8083 7.975173
"11768" 5 4.8083 7.927759
"11769" 7.5 4.8083 7.922747
"11799" 0 4.3532 6.13175
"11800" 1 4.3532 6.139387
"11801" 2.5 4.3532 6.175239
"11802" 5 4.3532 6.178905
"11803" 7.5 4.3532 6.143477
"11833" 0 3.821 5.076313
"11834" 1 3.821 5.090564
"11835" 2.5 3.821 5.11894
"11836" 5 3.821 5.162093
"11837" 7.5 3.821 5.207676
"11867" 0 2.6893 4.948274
"11868" 1 2.6893 4.906572
"11869" 2.5 2.6893 4.907691
"11870" 5 2.6893 4.910408
"11871" 7.5 2.6893 4.956353
"11901" 0 4.0113 4.781215
"11902" 1 4.0113 4.780155
"11903" 2.5 4.0113 4.779309
"11904" 5 4.0113 4.779485
"11905" 7.5 4.0113 4.860032
"11935" 0 8.01 7.037103
"11936" 1 8.01 7.007957
"11937" 2.5 8.01 6.967061
"11938" 5 8.01 6.745648
"11939" 7.5 8.01 6.230071
"11969" 0 13.0081 14.48256
"11970" 1 13.0081 14.44927
"11971" 2.5 13.0081 14.38384
"11972" 5 13.0081 13.36639
"11973" 7.5 13.0081 11.35898
"12003" 0 14.62 16.57225
"12004" 1 14.62 16.5261
"12005" 2.5 14.62 16.48777
"12006" 5 14.62 14.67589
"12007" 7.5 14.62 13.65844
"12037" 0 18.1532 20.78061
"12038" 1 18.1532 20.36189
"12039" 2.5 18.1532 19.74152
"12040" 5 18.1532 17.68184
"12041" 7.5 18.1532 15.92281
"12071" 0 18.0161 20.54993
"12072" 1 18.0161 20.49501
"12073" 2.5 18.0161 20.3263
"12074" 5 18.0161 19.96877
"12075" 7.5 18.0161 18.5298
"12105" 0 16.7983 18.74712
"12106" 1 16.7983 18.63353
"12107" 2.5 16.7983 18.45198
"12108" 5 16.7983 18.05671
"12109" 7.5 16.7983 17.66705
"12139" 0 8.3806 14.12615
"12140" 1 8.3806 13.96223
"12141" 2.5 8.3806 13.71798
"12142" 5 8.3806 13.0694
"12143" 7.5 8.3806 13.20788
"12173" 0 4.6467 10.24624
"12174" 1 4.6467 10.2075
"12175" 2.5 4.6467 10.08812
"12176" 5 4.6467 10.07677
"12177" 7.5 4.6467 10.28623
"12207" 0 -0.371 7.666605
"12208" 1 -0.371 7.678941
"12209" 2.5 -0.371 7.674812
"12210" 5 -0.371 7.689219
"12211" 7.5 -0.371 7.688019
"12241" 0 1.6887 5.243053
"12242" 1 1.6887 5.232261
"12243" 2.5 1.6887 5.24894
"12244" 5 1.6887 5.227809
"12245" 7.5 1.6887 5.215372
"12275" 0 1.6276 4.461441
"12276" 1 1.6276 4.349592
"12277" 2.5 1.6276 4.42871
"12278" 5 1.6276 4.367522
"12279" 7.5 1.6276 4.426029
"12309" 0 4.2113 5.238028
"12310" 1 4.2113 5.378662
"12311" 2.5 4.2113 5.382489
"12312" 5 4.2113 5.240391
"12313" 7.5 4.2113 4.667875
"12343" 0 8.41 10.52771
"12344" 1 8.41 9.599852
"12345" 2.5 8.41 9.304665
"12346" 5 8.41 8.690515
"12347" 7.5 8.41 7.706261
"12377" 0 13.8065 14.26301
"12378" 1 13.8065 12.66966
"12379" 2.5 13.8065 12.29959
"12380" 5 13.8065 11.9488
"12381" 7.5 13.8065 9.933267
"12411" 0 18.3217 20.66376
"12412" 1 18.3217 20.48558
"12413" 2.5 18.3217 20.38568
"12414" 5 18.3217 20.06793
"12415" 7.5 18.3217 13.19664
"12445" 0 19.6629 24.97529
"12446" 1 19.6629 24.08984
"12447" 2.5 19.6629 23.75303
"12448" 5 19.6629 23.339
"12449" 7.5 19.6629 18.47998
"12479" 0 16.179 19.25933
"12480" 1 16.179 19.148
"12481" 2.5 16.179 19.15285
"12482" 5 16.179 18.96601
"12483" 7.5 16.179 18.58381
"12513" 0 13.22 18.06172
"12514" 1 13.22 17.90157
"12515" 2.5 13.22 17.97455
"12516" 5 13.22 17.82731
"12517" 7.5 13.22 17.70368
"12547" 0 11.0839 14.76705
"12548" 1 11.0839 14.82107
"12549" 2.5 11.0839 14.81509
"12550" 5 11.0839 14.8305
"12551" 7.5 11.0839 14.77283
"12581" 0 4.695 10.34607
"12582" 1 4.695 10.41528
"12583" 2.5 4.695 10.41908
"12584" 5 4.695 10.38404
"12585" 7.5 4.695 10.38956
"12615" 0 -1.3274 6.489322
"12616" 1 -1.3274 6.483968
"12617" 2.5 -1.3274 6.480673
"12618" 5 -1.3274 6.370206
"12619" 7.5 -1.3274 6.367934
"12649" 0 1.0694 4.58615
"12650" 1 1.0694 4.603321
"12651" 2.5 1.0694 4.621112
"12652" 5 1.0694 4.580959
"12653" 7.5 1.0694 4.591562
"12683" 0 5.0732 4.710547
"12684" 1 5.0732 4.673952
"12685" 2.5 5.0732 4.632938
"12686" 5 5.0732 4.562128
"12687" 7.5 5.0732 4.535752
"12717" 0 7.9306 6.120251
"12718" 1 7.9306 6.089089
"12719" 2.5 7.9306 6.05789
"12720" 5 7.9306 5.780673
"12721" 7.5 7.9306 5.707433
"12751" 0 6.7083 8.840596
"12752" 1 6.7083 8.540928
"12753" 2.5 6.7083 7.668565
"12754" 5 6.7083 7.184678
"12755" 7.5 6.7083 7.168035
"12785" 0 12.1597 13.47031
"12786" 1 12.1597 12.86952
"12787" 2.5 12.1597 11.53948
"12788" 5 12.1597 11.15732
"12789" 7.5 12.1597 10.89615
"12819" 0 16.0017 17.68501
"12820" 1 16.0017 17.70431
"12821" 2.5 16.0017 17.73007
"12822" 5 16.0017 17.14969
"12823" 7.5 16.0017 15.81213
"12853" 0 17.5145 21.33037
"12854" 1 17.5145 21.35672
"12855" 2.5 17.5145 21.16445
"12856" 5 17.5145 19.71771
"12857" 7.5 17.5145 17.24361
"12887" 0 16.3903 21.757
"12888" 1 16.3903 21.62415
"12889" 2.5 16.3903 21.53697
"12890" 5 16.3903 21.11469
"12891" 7.5 16.3903 19.41618
"12921" 0 13.1333 19.55042
"12922" 1 13.1333 19.12475
"12923" 2.5 13.1333 18.67524
"12924" 5 13.1333 18.27162
"12925" 7.5 13.1333 17.7637
"12955" 0 11.2919 14.27318
"12956" 1 11.2919 14.09362
"12957" 2.5 11.2919 14.16213
"12958" 5 11.2919 14.15421
"12959" 7.5 11.2919 14.03411
"12989" 0 5.7267 11.79053
"12990" 1 5.7267 11.63904
"12991" 2.5 5.7267 11.63476
"12992" 5 5.7267 11.5803
"12993" 7.5 5.7267 11.58139
"13023" 0 1.9532 7.132285
"13024" 1 1.9532 7.1388
"13025" 2.5 1.9532 7.13704
"13026" 5 1.9532 6.948547
"13027" 7.5 1.9532 6.952218
"13057" 0 0.3548 5.792451
"13058" 1 0.3548 5.817589
"13059" 2.5 0.3548 5.836272
"13060" 5 0.3548 5.74759
"13061" 7.5 0.3548 5.736208
"13091" 0 0.0429 4.579265
"13092" 1 0.0429 4.656701
"13093" 2.5 0.0429 4.76046
"13094" 5 0.0429 4.802248
"13095" 7.5 0.0429 4.848692
"13125" 0 5.3435 5.796435
"13126" 1 5.3435 5.783488
"13127" 2.5 5.3435 5.548041
"13128" 5 5.3435 5.258232
"13129" 7.5 5.3435 4.90793
"13159" 0 7.6017 8.459205
"13160" 1 7.6017 8.49189
"13161" 2.5 7.6017 7.945562
"13162" 5 7.6017 7.780716
"13163" 7.5 7.6017 7.37984
"13193" 0 11.2371 13.63946
"13194" 1 11.2371 13.3896
"13195" 2.5 11.2371 12.86882
"13196" 5 11.2371 11.59486
"13197" 7.5 11.2371 11.03027
"13227" 0 14.755 19.70853
"13228" 1 14.755 19.29226
"13229" 2.5 14.755 18.41454
"13230" 5 14.755 15.64414
"13231" 7.5 14.755 13.32666
"13261" 0 16.6565 19.86707
"13262" 1 16.6565 19.93843
"13263" 2.5 16.6565 19.53937
"13264" 5 16.6565 18.43829
"13265" 7.5 16.6565 15.65023
"13295" 0 15.9952 21.78883
"13296" 1 15.9952 21.55819
"13297" 2.5 15.9952 21.53694
"13298" 5 15.9952 19.94141
"13299" 7.5 15.9952 17.80939
"13329" 0 13.86 16.68836
"13330" 1 13.86 16.4227
"13331" 2.5 13.86 16.34616
"13332" 5 13.86 16.50622
"13333" 7.5 13.86 16.65207
"13363" 0 8.7952 13.27053
"13364" 1 8.7952 13.31854
"13365" 2.5 8.7952 13.33156
"13366" 5 8.7952 13.35191
"13367" 7.5 8.7952 13.32688
"13397" 0 3.6517 9.884059
"13398" 1 3.6517 9.848304
"13399" 2.5 3.6517 9.84753
"13400" 5 3.6517 9.847172
"13401" 7.5 3.6517 9.92822
"13431" 0 1.8806 6.30947
"13432" 1 1.8806 6.226021
"13433" 2.5 1.8806 6.223732
"13434" 5 1.8806 6.236989
"13435" 7.5 1.8806 6.224553
"13465" 0 -2.5645 4.88747
"13466" 1 -2.5645 4.722609
"13467" 2.5 -2.5645 4.730495
"13468" 5 -2.5645 4.683622
"13469" 7.5 -2.5645 4.682686
"13499" 0 2.3268 4.733186
"13500" 1 2.3268 4.495216
"13501" 2.5 2.3268 4.476765
"13502" 5 2.3268 4.297866
"13503" 7.5 2.3268 4.301788
"13533" 0 5.65 4.7823
"13534" 1 5.65 4.674769
"13535" 2.5 5.65 4.563488
"13536" 5 5.65 4.474766
"13537" 7.5 5.65 4.442875
"13567" 0 6.8217 7.231917
"13568" 1 6.8217 6.760902
"13569" 2.5 6.8217 5.985115
"13570" 5 6.8217 5.71251
"13571" 7.5 6.8217 5.87226
"13601" 0 12.771 14.32619
"13602" 1 12.771 14.00888
"13603" 2.5 12.771 12.74235
"13604" 5 12.771 10.17959
"13605" 7.5 12.771 9.10197
"13635" 0 16.6717 18.83654
"13636" 1 16.6717 18.77187
"13637" 2.5 16.6717 18.46966
"13638" 5 16.6717 15.54602
"13639" 7.5 16.6717 13.7926
"13669" 0 17.5113 18.92846
"13670" 1 17.5113 18.99428
"13671" 2.5 17.5113 18.87488
"13672" 5 17.5113 19.11082
"13673" 7.5 17.5113 17.37727
"13703" 0 16.1887 23.68083
"13704" 1 16.1887 23.4582
"13705" 2.5 16.1887 23.23352
"13706" 5 16.1887 22.60519
"13707" 7.5 16.1887 18.75862
"13737" 0 14.4317 20.3805
"13738" 1 14.4317 19.8263
"13739" 2.5 14.4317 19.67084
"13740" 5 14.4317 19.50144
"13741" 7.5 14.4317 18.81364
"13771" 0 10.2935 13.77131
"13772" 1 10.2935 13.81883
"13773" 2.5 10.2935 13.81063
"13774" 5 10.2935 13.59939
"13775" 7.5 10.2935 13.4368
"13805" 0 3.9717 9.798166
"13806" 1 3.9717 9.720137
"13807" 2.5 3.9717 9.610005
"13808" 5 3.9717 9.247306
"13809" 7.5 3.9717 9.108563
"13839" 0 3.8919 7.37825
"13840" 1 3.8919 7.228089
"13841" 2.5 3.8919 7.162078
"13842" 5 3.8919 7.222231
"13843" 7.5 3.8919 7.234967
"13873" 0 -0.9903 5.222748
"13874" 1 -0.9903 5.22739
"13875" 2.5 -0.9903 5.22995
"13876" 5 -0.9903 5.194012
"13877" 7.5 -0.9903 5.203335
"13907" 0 3.9655 4.534911
"13908" 1 3.9655 4.530714
"13909" 2.5 3.9655 4.524829
"13910" 5 3.9655 4.455914
"13911" 7.5 3.9655 4.398172
"13941" 0 5.3194 4.367699
"13942" 1 5.3194 4.377998
"13943" 2.5 5.3194 4.405337
"13944" 5 5.3194 4.397225
"13945" 7.5 5.3194 4.438112
"13975" 0 6.2567 6.378372
"13976" 1 6.2567 6.350139
"13977" 2.5 6.2567 6.266932
"13978" 5 6.2567 6.111099
"13979" 7.5 6.2567 5.741164
"14009" 0 11.1452 11.63271
"14010" 1 11.1452 11.55424
"14011" 2.5 11.1452 11.3
"14012" 5 11.1452 10.75224
"14013" 7.5 11.1452 9.490864
"14043" 0 14.6167 13.72316
"14044" 1 14.6167 13.77594
"14045" 2.5 14.6167 13.75415
"14046" 5 14.6167 13.32438
"14047" 7.5 14.6167 13.55354
"14077" 0 15.5323 16.571
"14078" 1 15.5323 16.44306
"14079" 2.5 15.5323 16.37937
"14080" 5 15.5323 16.18656
"14081" 7.5 15.5323 14.80386
"14111" 0 18.2952 20.67956
"14112" 1 18.2952 20.40499
"14113" 2.5 18.2952 20.26752
"14114" 5 18.2952 19.65907
"14115" 7.5 18.2952 16.75774
"14145" 0 15.695 18.25025
"14146" 1 15.695 18.29821
"14147" 2.5 15.695 18.32217
"14148" 5 15.695 18.18488
"14149" 7.5 15.695 17.88334
"14179" 0 8.8355 14.6157
"14180" 1 8.8355 14.61133
"14181" 2.5 8.8355 14.60941
"14182" 5 8.8355 14.6163
"14183" 7.5 8.8355 13.34812
"14213" 0 3.2033 8.329834
"14214" 1 3.2033 8.331783
"14215" 2.5 3.2033 8.33154
"14216" 5 3.2033 8.292235
"14217" 7.5 3.2033 8.419157
"14247" 0 -0.1613 6.067816
"14248" 1 -0.1613 6.066897
"14249" 2.5 -0.1613 6.073332
"14250" 5 -0.1613 5.970534
"14251" 7.5 -0.1613 5.917469
"14281" 0 -2.0806 4.741585
"14282" 1 -2.0806 4.741733
"14283" 2.5 -2.0806 4.725806
"14284" 5 -2.0806 4.62556
"14285" 7.5 -2.0806 4.617836
"14315" 0 -0.6571 3.385736
"14316" 1 -0.6571 3.385499
"14317" 2.5 -0.6571 3.438146
"14318" 5 -0.6571 3.590615
"14319" 7.5 -0.6571 3.648856
"14349" 0 7.8065 6.442617
"14350" 1 7.8065 6.422158
"14351" 2.5 7.8065 5.6475
"14352" 5 7.8065 4.582451
"14353" 7.5 7.8065 4.128135
"14383" 0 9.8733 13.32586
"14384" 1 9.8733 12.93765
"14385" 2.5 9.8733 11.01051
"14386" 5 9.8733 8.500259
"14387" 7.5 9.8733 7.191497
"14417" 0 12.5161 14.84493
"14418" 1 12.5161 13.92707
"14419" 2.5 12.5161 13.05852
"14420" 5 12.5161 12.57313
"14421" 7.5 12.5161 10.9783
"14451" 0 15.75 20.96125
"14452" 1 15.75 20.37949
"14453" 2.5 15.75 19.92965
"14454" 5 15.75 18.31141
"14455" 7.5 15.75 15.52494
"14485" 0 16.5306 22.42259
"14486" 1 16.5306 21.64529
"14487" 2.5 16.5306 20.98329
"14488" 5 16.5306 18.71117
"14489" 7.5 16.5306 17.35908
"14519" 0 17.9032 22.69261
"14520" 1 17.9032 22.26973
"14521" 2.5 17.9032 21.20329
"14522" 5 17.9032 19.0394
"14523" 7.5 17.9032 17.2471
"14553" 0 14.505 18.87787
"14554" 1 14.505 18.80894
"14555" 2.5 14.505 18.83902
"14556" 5 14.505 18.7107
"14557" 7.5 14.505 18.24094
"14587" 0 9.5484 14.38637
"14588" 1 9.5484 14.38777
"14589" 2.5 9.5484 14.37208
"14590" 5 9.5484 14.2816
"14591" 7.5 9.5484 13.51572
"14621" 0 5.005 8.735605
"14622" 1 5.005 8.731846
"14623" 2.5 5.005 8.743663
"14624" 5 5.005 8.77445
"14625" 7.5 5.005 8.850332
"14655" 0 0.8645 5.260137
"14656" 1 0.8645 5.260376
"14657" 2.5 0.8645 5.263024
"14658" 5 0.8645 5.269301
"14659" 7.5 0.8645 5.296377
"14689" 0 0.3984 4.753024
"14690" 1 0.3984 4.712152
"14691" 2.5 0.3984 4.712349
"14692" 5 0.3984 4.727513
"14693" 7.5 0.3984 4.729588
"14723" 0 1.0018 4.00209
"14724" 1 1.0018 3.934828
"14725" 2.5 1.0018 3.935163
"14726" 5 1.0018 3.85434
"14727" 7.5 1.0018 3.857829
"14757" 0 4.5016 3.720354
"14758" 1 4.5016 3.738102
"14759" 2.5 4.5016 3.735382
"14760" 5 4.5016 3.882634
"14761" 7.5 4.5016 3.854219
"14791" 0 7.7317 5.72828
"14792" 1 7.7317 5.729326
"14793" 2.5 7.7317 5.730794
"14794" 5 7.7317 5.505058
"14795" 7.5 7.7317 5.50708
"14825" 0 13.2613 14.08571
"14826" 1 13.2613 14.10512
"14827" 2.5 13.2613 14.04654
"14828" 5 13.2613 12.59018
"14829" 7.5 13.2613 11.43142
"14859" 0 17.11 21.54985
"14860" 1 17.11 21.49137
"14861" 2.5 17.11 21.08862
"14862" 5 17.11 20.10341
"14863" 7.5 17.11 16.56965
"14893" 0 19.4613 21.52496
"14894" 1 19.4613 21.37738
"14895" 2.5 19.4613 20.92891
"14896" 5 19.4613 19.95089
"14897" 7.5 19.4613 17.21238
"14927" 0 17.2274 20.7112
"14928" 1 17.2274 20.77209
"14929" 2.5 17.2274 20.74667
"14930" 5 17.2274 20.57111
"14931" 7.5 17.2274 19.88738
"14961" 0 16.5383 18.72839
"14962" 1 16.5383 18.80779
"14963" 2.5 16.5383 18.80282
"14964" 5 16.5383 18.81768
"14965" 7.5 16.5383 18.82911
"14995" 0 9.7871 15.49741
"14996" 1 9.7871 15.68201
"14997" 2.5 9.7871 15.68227
"14998" 5 9.7871 15.68037
"14999" 7.5 9.7871 15.67331
"15029" 0 6.26 10.2886
"15030" 1 6.26 10.50399
"15031" 2.5 6.26 10.50586
"15032" 5 6.26 10.50704
"15033" 7.5 6.26 10.52029
"15063" 0 2.9677 7.212941
"15064" 1 2.9677 7.199382
"15065" 2.5 2.9677 7.194547
"15066" 5 2.9677 7.194036
"15067" 7.5 2.9677 7.15951
"15097" 0 3.1032 5.53195
"15098" 1 3.1032 5.573008
"15099" 2.5 3.1032 5.610521
"15100" 5 3.1032 5.613003
"15101" 7.5 3.1032 5.539857
"15131" 0 -1.3786 4.623964
"15132" 1 -1.3786 4.711579
"15133" 2.5 -1.3786 4.794403
"15134" 5 -1.3786 4.783701
"15135" 7.5 -1.3786 4.778266
"15165" 0 5.9629 4.658777
"15166" 1 5.9629 4.608795
"15167" 2.5 5.9629 4.59024
"15168" 5 5.9629 4.421923
"15169" 7.5 5.9629 4.459198
"15199" 0 9.5083 6.227476
"15200" 1 9.5083 6.167116
"15201" 2.5 9.5083 6.173672
"15202" 5 9.5083 5.880504
"15203" 7.5 9.5083 5.791144
"15233" 0 10.8435 13.25987
"15234" 1 10.8435 12.83409
"15235" 2.5 10.8435 12.11631
"15236" 5 10.8435 10.20297
"15237" 7.5 10.8435 9.52983
"15267" 0 17.185 19.80311
"15268" 1 17.185 18.93856
"15269" 2.5 17.185 17.69148
"15270" 5 17.185 14.81894
"15271" 7.5 17.185 13.41643
"15301" 0 22.2855 22.00542
"15302" 1 22.2855 21.80424
"15303" 2.5 22.2855 21.75272
"15304" 5 22.2855 21.50175
"15305" 7.5 22.2855 19.77598
"15335" 0 18.6258 22.23768
"15336" 1 18.6258 21.92851
"15337" 2.5 18.6258 21.8474
"15338" 5 18.6258 21.45389
"15339" 7.5 18.6258 20.88074
"15369" 0 15.025 19.30325
"15370" 1 15.025 19.32319
"15371" 2.5 15.025 19.33149
"15372" 5 15.025 19.36464
"15373" 7.5 15.025 19.22855
"15403" 0 10.2097 16.07549
"15404" 1 10.2097 16.08127
"15405" 2.5 10.2097 16.07668
"15406" 5 10.2097 16.05139
"15407" 7.5 10.2097 16.10079
"15437" 0 3.3633 10.27581
"15438" 1 3.3633 10.41954
"15439" 2.5 3.3633 10.42037
"15440" 5 3.3633 10.44799
"15441" 7.5 3.3633 10.53019
"15471" 0 1.2452 6.027796
"15472" 1 1.2452 6.190941
"15473" 2.5 1.2452 6.190964
"15474" 5 1.2452 6.276337
"15475" 7.5 1.2452 6.282028
"15505" 0 1.0161 5.19868
"15506" 1 1.0161 5.1211
"15507" 2.5 1.0161 5.122607
"15508" 5 1.0161 5.123186
"15509" 7.5 1.0161 5.120759
"15539" 0 -0.3741 4.730163
"15540" 1 -0.3741 4.730527
"15541" 2.5 -0.3741 4.723626
"15542" 5 -0.3741 4.721968
"15543" 7.5 -0.3741 4.733327
"15573" 0 2.8774 3.842082
"15574" 1 2.8774 3.863276
"15575" 2.5 2.8774 3.905166
"15576" 5 2.8774 3.915974
"15577" 7.5 2.8774 3.841587
"15607" 0 7.455 6.748244
"15608" 1 7.455 6.576254
"15609" 2.5 7.455 6.612738
"15610" 5 7.455 6.529134
"15611" 7.5 7.455 6.373385
"15641" 0 10.3161 12.02216
"15642" 1 10.3161 11.75751
"15643" 2.5 10.3161 11.68017
"15644" 5 10.3161 11.53713
"15645" 7.5 10.3161 11.34668
"15675" 0 15.3583 14.66542
"15676" 1 15.3583 14.75167
"15677" 2.5 15.3583 14.76107
"15678" 5 15.3583 14.73248
"15679" 7.5 15.3583 14.36905
"15709" 0 18.4306 18.64643
"15710" 1 18.4306 18.68692
"15711" 2.5 18.4306 18.67027
"15712" 5 18.4306 18.60005
"15713" 7.5 18.4306 17.71944
"15743" 0 17.5935 22.11804
"15744" 1 17.5935 22.33573
"15745" 2.5 17.5935 22.37749
"15746" 5 17.5935 22.34603
"15747" 7.5 17.5935 19.74557
"15777" 0 13.465 19.12479
"15778" 1 13.465 19.24355
"15779" 2.5 13.465 19.26921
"15780" 5 13.465 19.1992
"15781" 7.5 13.465 17.36609
"15811" 0 10.8129 13.24627
"15812" 1 10.8129 13.2477
"15813" 2.5 10.8129 13.16543
"15814" 5 10.8129 13.1803
"15815" 7.5 10.8129 13.46197
"15845" 0 6.325 11.00133
"15846" 1 6.325 10.96008
"15847" 2.5 6.325 10.96036
"15848" 5 6.325 10.95385
"15849" 7.5 6.325 10.92071
"15879" 0 2.0806 6.856694
"15880" 1 2.0806 7.168402
"15881" 2.5 2.0806 7.203984
"15882" 5 2.0806 7.241592
"15883" 7.5 2.0806 7.257669
"15913" 0 -5.2081 3.838983
"15914" 1 -5.2081 4.434174
"15915" 2.5 -5.2081 4.50996
"15916" 5 -5.2081 4.589448
"15917" 7.5 -5.2081 4.592006
"15947" 0 -0.0804 3.616763
"15948" 1 -0.0804 3.573902
"15949" 2.5 -0.0804 3.56339
"15950" 5 -0.0804 3.525473
"15951" 7.5 -0.0804 3.509443
"15981" 0 3.6081 3.950594
"15982" 1 3.6081 3.933914
"15983" 2.5 3.6081 3.959453
"15984" 5 3.6081 3.863195
"15985" 7.5 3.6081 3.948226
"16015" 0 8.7067 5.732605
"16016" 1 8.7067 5.473103
"16017" 2.5 8.7067 5.404323
"16018" 5 8.7067 5.265504
"16019" 7.5 8.7067 4.945198
"16049" 0 13.0048 12.70425
"16050" 1 13.0048 12.39084
"16051" 2.5 13.0048 12.10126
"16052" 5 13.0048 11.51025
"16053" 7.5 13.0048 8.421278
"16083" 0 14.4767 19.28303
"16084" 1 14.4767 19.1975
"16085" 2.5 14.4767 19.08372
"16086" 5 14.4767 18.40895
"16087" 7.5 14.4767 15.32297
"16117" 0 19.5194 19.39249
"16118" 1 19.5194 19.3183
"16119" 2.5 19.5194 19.32244
"16120" 5 19.5194 19.27474
"16121" 7.5 19.5194 13.9758
"16151" 0 17.5323 20.51706
"16152" 1 17.5323 20.52657
"16153" 2.5 17.5323 20.56194
"16154" 5 17.5323 20.08515
"16155" 7.5 17.5323 12.81299
"16185" 0 15.9417 19.60169
"16186" 1 15.9417 19.56828
"16187" 2.5 15.9417 19.64591
"16188" 5 15.9417 18.981
"16189" 7.5 15.9417 19.25154
"16219" 0 10.0226 16.64694
"16220" 1 10.0226 16.74236
"16221" 2.5 10.0226 16.73962
"16222" 5 10.0226 16.75772
"16223" 7.5 10.0226 16.70963
"16253" 0 1.2867 9.2228
"16254" 1 1.2867 9.435248
"16255" 2.5 1.2867 9.438346
"16256" 5 1.2867 9.43094
"16257" 7.5 1.2867 9.450176
"16287" 0 3.8355 6.105461
"16288" 1 3.8355 6.068825
"16289" 2.5 3.8355 6.058327
"16290" 5 3.8355 6.044103
"16291" 7.5 3.8355 6.084747
"16321" 0 1.0645 4.920075
"16322" 1 1.0645 4.929662
"16323" 2.5 1.0645 4.963481
"16324" 5 1.0645 5.030152
"16325" 7.5 1.0645 5.077
"16355" 0 -5.1268 3.475087
"16356" 1 -5.1268 3.434207
"16357" 2.5 -5.1268 3.510968
"16358" 5 -5.1268 3.666007
"16359" 7.5 -5.1268 3.82165
"16389" 0 3.8242 3.531142
"16390" 1 3.8242 3.442179
"16391" 2.5 3.8242 3.339456
"16392" 5 3.8242 3.125357
"16393" 7.5 3.8242 3.37057
"16423" 0 6.2917 7.845933
"16424" 1 6.2917 7.699137
"16425" 2.5 6.2917 7.364602
"16426" 5 6.2917 6.71408
"16427" 7.5 6.2917 5.887015
"16457" 0 14.5161 13.06235
"16458" 1 14.5161 13.10852
"16459" 2.5 14.5161 12.89826
"16460" 5 14.5161 12.42429
"16461" 7.5 14.5161 10.02028
"16491" 0 16.05 15.89304
"16492" 1 16.05 16.26281
"16493" 2.5 16.05 16.37333
"16494" 5 16.05 16.49661
"16495" 7.5 16.05 12.50726
"16525" 0 17.7016 21.47245
"16526" 1 17.7016 21.58618
"16527" 2.5 17.7016 21.5868
"16528" 5 17.7016 21.39996
"16529" 7.5 17.7016 16.98113
"16559" 0 17.2855 20.62449
"16560" 1 17.2855 20.90706
"16561" 2.5 17.2855 20.87017
"16562" 5 17.2855 20.39185
"16563" 7.5 17.2855 18.43697
"16593" 0 13.9183 17.71909
"16594" 1 13.9183 17.6666
"16595" 2.5 13.9183 17.58797
"16596" 5 13.9183 17.419
"16597" 7.5 13.9183 17.30297
"16627" 0 11.45 15.64424
"16628" 1 11.45 15.64972
"16629" 2.5 11.45 15.65931
"16630" 5 11.45 15.52294
"16631" 7.5 11.45 15.14584
"16661" 0 5.7517 10.05176
"16662" 1 5.7517 10.04658
"16663" 2.5 5.7517 10.0024
"16664" 5 5.7517 9.966206
"16665" 7.5 5.7517 10.00739
"16695" 0 1.5935 7.461688
"16696" 1 1.5935 7.479918
"16697" 2.5 1.5935 7.413367
"16698" 5 1.5935 7.387831
"16699" 7.5 1.5935 7.35845
"16729" 0 -4.3226 4.611913
"16730" 1 -4.3226 4.554741
"16731" 2.5 -4.3226 4.543405
"16732" 5 -4.3226 4.596956
"16733" 7.5 -4.3226 4.639059
"16763" 0 0.7143 3.398143
"16764" 1 0.7143 3.382625
"16765" 2.5 0.7143 3.425003
"16766" 5 0.7143 3.499808
"16767" 7.5 0.7143 3.569902
"16797" 0 1.1694 3.61224
"16798" 1 1.1694 3.771117
"16799" 2.5 1.1694 3.676238
"16800" 5 1.1694 3.600148
"16801" 7.5 1.1694 3.602335
"16831" 0 10.2467 6.608895
"16832" 1 10.2467 6.63405
"16833" 2.5 10.2467 6.352191
"16834" 5 10.2467 5.859916
"16835" 7.5 10.2467 5.37119
"16865" 0 10.2419 11.8703
"16866" 1 10.2419 11.9421
"16867" 2.5 10.2419 11.84686
"16868" 5 10.2419 11.75529
"16869" 7.5 10.2419 10.41896
"16899" 0 14.6183 18.06414
"16900" 1 14.6183 18.05194
"16901" 2.5 14.6183 17.81111
"16902" 5 14.6183 15.94772
"16903" 7.5 14.6183 13.20927
"16933" 0 18.4452 20.11781
"16934" 1 18.4452 20.10431
"16935" 2.5 18.4452 20.12587
"16936" 5 18.4452 17.84469
"16937" 7.5 18.4452 15.54676
"16967" 0 17.3548 18.8562
"16968" 1 17.3548 18.65981
"16969" 2.5 17.3548 18.57416
"16970" 5 17.3548 18.37804
"16971" 7.5 17.3548 17.74313
"17001" 0 17.265 19.43547
"17002" 1 17.265 19.59945
"17003" 2.5 17.265 19.44741
"17004" 5 17.265 18.55856
"17005" 7.5 17.265 16.70534
"17035" 0 10.3871 14.39995
"17036" 1 10.3871 14.97626
"17037" 2.5 10.3871 14.98577
"17038" 5 10.3871 14.97751
"17039" 7.5 10.3871 15.10524
"17069" 0 5.405 10.77373
"17070" 1 5.405 10.66983
"17071" 2.5 5.405 10.66411
"17072" 5 5.405 10.63947
"17073" 7.5 5.405 10.56509
"17103" 0 2.3565 6.956523
"17104" 1 2.3565 6.994869
"17105" 2.5 2.3565 6.995672
"17106" 5 2.3565 6.995878
"17107" 7.5 2.3565 7.00099
"17137" 0 3.621 5.923097
"17138" 1 3.621 5.988289
"17139" 2.5 3.621 5.986245
"17140" 5 3.621 5.992203
"17141" 7.5 3.621 5.989832
"17171" 0 1.9586 5.158856
"17172" 1 1.9586 5.148636
"17173" 2.5 1.9586 5.15928
"17174" 5 1.9586 5.110156
"17175" 7.5 1.9586 5.109086
"17205" 0 3.6355 4.639872
"17206" 1 3.6355 4.640417
"17207" 2.5 3.6355 4.609107
"17208" 5 3.6355 4.550671
"17209" 7.5 3.6355 4.547697
"17239" 0 9.4283 8.036156
"17240" 1 9.4283 8.036713
"17241" 2.5 9.4283 7.96538
"17242" 5 9.4283 7.86543
"17243" 7.5 9.4283 7.63474
"17273" 0 14.7742 14.07844
"17274" 1 14.7742 14.07333
"17275" 2.5 14.7742 14.08492
"17276" 5 14.7742 13.82373
"17277" 7.5 14.7742 13.53557
"17307" 0 15.8133 16.4661
"17308" 1 15.8133 16.48774
"17309" 2.5 15.8133 16.48663
"17310" 5 15.8133 16.38972
"17311" 7.5 15.8133 14.51608
"17341" 0 18.1306 20.29754
"17342" 1 18.1306 20.44643
"17343" 2.5 18.1306 20.44681
"17344" 5 18.1306 20.37797
"17345" 7.5 18.1306 17.78855
"17375" 0 18.2 20.81742
"17376" 1 18.2 20.95296
"17377" 2.5 18.2 20.95325
"17378" 5 18.2 20.96351
"17379" 7.5 18.2 21.20826
"17409" 0 14.3033 18.36125
"17410" 1 14.3033 18.35447
"17411" 2.5 14.3033 18.35324
"17412" 5 14.3033 18.35029
"17413" 7.5 14.3033 18.23487
"17443" 0 11.0323 14.64807
"17444" 1 11.0323 14.6499
"17445" 2.5 11.0323 14.65684
"17446" 5 11.0323 14.6668
"17447" 7.5 11.0323 14.69969
"17477" 0 2.9583 9.757912
"17478" 1 2.9583 9.762028
"17479" 2.5 2.9583 9.738763
"17480" 5 2.9583 9.710363
"17481" 7.5 2.9583 9.708206
"17511" 0 2.621 6.938318
"17512" 1 2.621 6.906985
"17513" 2.5 2.621 6.791309
"17514" 5 2.621 6.710983
"17515" 7.5 2.621 6.710718
"17545" 0 1.0984 5.697142
"17546" 1 1.0984 5.615934
"17547" 2.5 1.0984 5.541712
"17548" 5 1.0984 5.540718
"17549" 7.5 1.0984 5.545334
"17579" 0 3.3964 5.088786
"17580" 1 3.3964 5.102969
"17581" 2.5 3.3964 5.078075
"17582" 5 3.3964 5.081454
"17583" 7.5 3.3964 5.053874
"17613" 0 8.6145 5.983874
"17614" 1 8.6145 5.91758
"17615" 2.5 8.6145 5.804086
"17616" 5 8.6145 5.742369
"17617" 7.5 8.6145 5.65196
"17647" 0 7.8267 9.32669
"17648" 1 7.8267 9.162541
"17649" 2.5 7.8267 8.487864
"17650" 5 7.8267 7.648462
"17651" 7.5 7.8267 7.402075
"17681" 0 14.471 14.28414
"17682" 1 14.471 14.30143
"17683" 2.5 14.471 13.38819
"17684" 5 14.471 12.32298
"17685" 7.5 14.471 10.9035
"17715" 0 15.6433 17.87514
"17716" 1 15.6433 17.77035
"17717" 2.5 15.6433 17.79161
"17718" 5 15.6433 17.82159
"17719" 7.5 15.6433 14.04422
"17749" 0 18.8194 21.40218
"17750" 1 18.8194 21.16217
"17751" 2.5 18.8194 21.05487
"17752" 5 18.8194 20.94065
"17753" 7.5 18.8194 17.37613
"17783" 0 18.0984 20.52099
"17784" 1 18.0984 20.55833
"17785" 2.5 18.0984 20.5629
"17786" 5 18.0984 20.57336
"17787" 7.5 18.0984 20.06011
"17817" 0 14.56 17.43793
"17818" 1 14.56 17.51018
"17819" 2.5 14.56 17.50762
"17820" 5 14.56 17.46671
"17821" 7.5 14.56 17.46444
"17851" 0 11.2484 15.03195
"17852" 1 11.2484 14.98108
"17853" 2.5 11.2484 14.98231
"17854" 5 11.2484 14.90831
"17855" 7.5 11.2484 14.90964
"17885" 0 3.005 10.80567
"17886" 1 3.005 10.73097
"17887" 2.5 3.005 10.73091
"17888" 5 3.005 10.73458
"17889" 7.5 3.005 10.73364
"17919" 0 2.6065 6.501755
"17920" 1 2.6065 6.516922
"17921" 2.5 2.6065 6.51661
"17922" 5 2.6065 6.512049
"17923" 7.5 2.6065 6.516847
"17953" 0 1.2097 5.407442
"17954" 1 1.2097 5.384373
"17955" 2.5 1.2097 5.385222
"17956" 5 1.2097 5.39098
"17957" 7.5 1.2097 5.380576
"17987" 0 6.9161 5.077141
"17988" 1 6.9161 4.967353
"17989" 2.5 6.9161 4.963645
"17990" 5 6.9161 4.938902
"17991" 7.5 6.9161 4.984192
"18021" 0 7.9516 5.671904
"18022" 1 7.9516 5.610412
"18023" 2.5 7.9516 5.625019
"18024" 5 7.9516 5.708891
"18025" 7.5 7.9516 5.385187
"18055" 0 7.625 10.45148
"18056" 1 7.625 10.42241
"18057" 2.5 7.625 10.30907
"18058" 5 7.625 9.29526
"18059" 7.5 7.625 7.812583
"18089" 0 15.3323 15.94734
"18090" 1 15.3323 15.86385
"18091" 2.5 15.3323 15.61701
"18092" 5 15.3323 13.53764
"18093" 7.5 15.3323 11.73963
"18123" 0 15.7167 15.83722
"18124" 1 15.7167 15.834
"18125" 2.5 15.7167 15.82475
"18126" 5 15.7167 15.66463
"18127" 7.5 15.7167 14.79299
"18157" 0 18.6581 19.24403
"18158" 1 18.6581 19.24364
"18159" 2.5 18.6581 19.24336
"18160" 5 18.6581 19.24103
"18161" 7.5 18.6581 18.52595
"18191" 0 19.479 22.72698
"18192" 1 19.479 22.7286
"18193" 2.5 19.479 22.72922
"18194" 5 19.479 22.73348
"18195" 7.5 19.479 21.35924
"18225" 0 13.8533 19.29174
"18226" 1 13.8533 19.28561
"18227" 2.5 13.8533 19.28551
"18228" 5 13.8533 19.28401
"18229" 7.5 13.8533 19.32974
"18259" 0 11.7952 14.70943
"18260" 1 11.7952 14.75591
"18261" 2.5 11.7952 14.75501
"18262" 5 11.7952 14.75357
"18263" 7.5 11.7952 14.54807
"18293" 0 4.4883 9.927074
"18294" 1 4.4883 9.99618
"18295" 2.5 4.4883 9.998537
"18296" 5 4.4883 10.00377
"18297" 7.5 4.4883 10.01951
"18327" 0 0.1274 7.004601
"18328" 1 0.1274 7.009778
"18329" 2.5 0.1274 6.996717
"18330" 5 0.1274 6.958091
"18331" 7.5 0.1274 6.948461
"18361" 0 0.8952 5.49558
"18362" 1 0.8952 5.462597
"18363" 2.5 0.8952 5.501384
"18364" 5 0.8952 5.426049
"18365" 7.5 0.8952 5.429695
"18395" 0 -0.7893 4.41187
"18396" 1 -0.7893 4.509318
"18397" 2.5 -0.7893 4.548008
"18398" 5 -0.7893 4.542746
"18399" 7.5 -0.7893 4.545697
"18429" 0 7.4097 6.539684
"18430" 1 7.4097 6.301488
"18431" 2.5 7.4097 6.131926
"18432" 5 7.4097 5.966473
"18433" 7.5 7.4097 5.345619
"18463" 0 8.0117 9.371775
"18464" 1 8.0117 9.12725
"18465" 2.5 8.0117 8.927323
"18466" 5 8.0117 8.518715
"18467" 7.5 8.0117 6.570223
"18497" 0 9.7548 11.81317
"18498" 1 9.7548 11.79756
"18499" 2.5 9.7548 11.76419
"18500" 5 9.7548 11.41575
"18501" 7.5 9.7548 10.46035
"18531" 0 15 18.11581
"18532" 1 15 18.11306
"18533" 2.5 15 17.86274
"18534" 5 15 16.32201
"18535" 7.5 15 15.67813
"18565" 0 20.0629 21.46888
"18566" 1 20.0629 21.47011
"18567" 2.5 20.0629 21.01828
"18568" 5 20.0629 18.03229
"18569" 7.5 20.0629 16.56586
"18599" 0 20.1387 23.03439
"18600" 1 20.1387 23.03434
"18601" 2.5 20.1387 22.76875
"18602" 5 20.1387 22.03105
"18603" 7.5 20.1387 20.80617
"18633" 0 16.9067 21.10459
"18634" 1 16.9067 21.1041
"18635" 2.5 16.9067 21.13823
"18636" 5 16.9067 21.10792
"18637" 7.5 16.9067 20.78076
"18667" 0 8.8952 15.51101
"18668" 1 8.8952 15.51225
"18669" 2.5 8.8952 15.50983
"18670" 5 8.8952 15.50893
"18671" 7.5 8.8952 15.51348
"18701" 0 4.0283 9.585497
"18702" 1 4.0283 9.579997
"18703" 2.5 4.0283 9.581475
"18704" 5 4.0283 9.581667
"18705" 7.5 4.0283 9.578405
"18735" 0 -0.3677 6.336323
"18736" 1 -0.3677 6.377965
"18737" 2.5 -0.3677 6.37642
"18738" 5 -0.3677 6.377782
"18739" 7.5 -0.3677 6.381921
"18769" 0 -0.5855 4.641825
"18770" 1 -0.5855 4.715225
"18771" 2.5 -0.5855 4.717354
"18772" 5 -0.5855 4.713721
"18773" 7.5 -0.5855 4.707197
"18803" 0 2.0517 4.24987
"18804" 1 2.0517 4.237465
"18805" 2.5 2.0517 4.228588
"18806" 5 2.0517 4.244225
"18807" 7.5 2.0517 4.271652
"18837" 0 6.3306 4.546436
"18838" 1 6.3306 4.580837
"18839" 2.5 6.3306 4.628255
"18840" 5 6.3306 4.522929
"18841" 7.5 6.3306 4.344026
"18871" 0 8.4183 6.617612
"18872" 1 8.4183 6.517198
"18873" 2.5 8.4183 6.362065
"18874" 5 8.4183 6.241738
"18875" 7.5 8.4183 6.127622
"18905" 0 15.0226 14.35769
"18906" 1 15.0226 14.15154
"18907" 2.5 15.0226 13.72769
"18908" 5 15.0226 12.96078
"18909" 7.5 15.0226 11.88747
"18939" 0 16.12 20.17102
"18940" 1 16.12 20.20716
"18941" 2.5 16.12 20.11859
"18942" 5 16.12 18.9455
"18943" 7.5 16.12 15.98211
"18973" 0 19.1935 21.72528
"18974" 1 19.1935 21.72186
"18975" 2.5 19.1935 21.72286
"18976" 5 19.1935 21.77494
"18977" 7.5 19.1935 18.93374
"19007" 0 21.2371 23.3576
"19008" 1 21.2371 23.35986
"19009" 2.5 21.2371 23.35912
"19010" 5 21.2371 23.32418
"19011" 7.5 21.2371 21.29168
"19041" 0 14.9117 18.80531
"19042" 1 14.9117 18.80513
"19043" 2.5 14.9117 18.80519
"19044" 5 14.9117 18.80788
"19045" 7.5 14.9117 18.86012
"19075" 0 7.8871 15.40837
"19076" 1 7.8871 15.40851
"19077" 2.5 7.8871 15.40848
"19078" 5 7.8871 15.40643
"19079" 7.5 7.8871 15.36185
"19109" 0 6.4033 9.501931
"19110" 1 6.4033 9.501925
"19111" 2.5 6.4033 9.501901
"19112" 5 6.4033 9.50164
"19113" 7.5 6.4033 9.501934
"19143" 0 0.621 7.18038
"19144" 1 0.621 7.180377
"19145" 2.5 0.621 7.180405
"19146" 5 0.621 7.180838
"19147" 7.5 0.621 7.183583
"19177" 0 3.5516 5.402031
"19178" 1 3.5516 5.401875
"19179" 2.5 3.5516 5.401384
"19180" 5 3.5516 5.39623
"19181" 7.5 3.5516 5.411108
"19211" 0 -0.0286 5.171471
"19212" 1 -0.0286 5.17215
"19213" 2.5 -0.0286 5.174301
"19214" 5 -0.0286 5.196958
"19215" 7.5 -0.0286 5.133932
"19245" 0 4.6613 4.987326
"19246" 1 4.6613 4.983804
"19247" 2.5 4.6613 4.972642
"19248" 5 4.6613 4.830229
"19249" 7.5 4.6613 5.131536
"19279" 0 10.9667 8.442138
"19280" 1 10.9667 8.450233
"19281" 2.5 10.9667 8.475892
"19282" 5 10.9667 8.416907
"19283" 7.5 10.9667 6.829097
"19313" 0 14.9935 17.36524
"19314" 1 14.9935 17.3021
"19315" 2.5 14.9935 17.11437
"19316" 5 14.9935 15.52997
"19317" 7.5 14.9935 10.41682
"19347" 0 17.05 22.32588
"19348" 1 17.05 22.12449
"19349" 2.5 17.05 21.71041
"19350" 5 17.05 19.05087
"19351" 7.5 17.05 16.29281
"19381" 0 17.0871 21.38251
"19382" 1 17.0871 21.17631
"19383" 2.5 17.0871 20.87485
"19384" 5 17.0871 20.7257
"19385" 7.5 17.0871 19.77121
"19415" 0 17.8871 21.4652
"19416" 1 17.8871 21.33202
"19417" 2.5 17.8871 20.96518
"19418" 5 17.8871 20.25879
"19419" 7.5 17.8871 18.37132
"19449" 0 13.5533 17.6889
"19450" 1 13.5533 17.69375
"19451" 2.5 13.5533 17.70902
"19452" 5 13.5533 17.41815
"19453" 7.5 13.5533 17.42567
"19483" 0 8.1823 13.80528
"19484" 1 8.1823 13.80307
"19485" 2.5 8.1823 13.79678
"19486" 5 8.1823 13.59479
"19487" 7.5 8.1823 13.56741
"19517" 0 1.2333 8.639518
"19518" 1 1.2333 8.64209
"19519" 2.5 1.2333 8.64618
"19520" 5 1.2333 8.681553
"19521" 7.5 1.2333 8.697455
"19551" 0 4.0323 5.727834
"19552" 1 4.0323 5.724332
"19553" 2.5 4.0323 5.72219
"19554" 5 4.0323 5.71538
"19555" 7.5 4.0323 5.710602
"19585" 0 2.7129 5.32499
"19586" 1 2.7129 5.344823
"19587" 2.5 2.7129 5.355674
"19588" 5 2.7129 5.378757
"19589" 7.5 2.7129 5.399497
"19619" 0 2.2839 5.27243
"19620" 1 2.2839 5.221264
"19621" 2.5 2.2839 5.194148
"19622" 5 2.2839 5.15218
"19623" 7.5 2.2839 5.106681
"19653" 0 9.3 5.551733
"19654" 1 9.3 5.398257
"19655" 2.5 9.3 5.328119
"19656" 5 9.3 5.500999
"19657" 7.5 9.3 5.510357
"19687" 0 7.5583 8.402258
"19688" 1 7.5583 8.399841
"19689" 2.5 7.5583 8.341061
"19690" 5 7.5583 7.074424
"19691" 7.5 7.5583 6.594446
"19721" 0 13.3355 14.17252
"19722" 1 13.3355 13.88624
"19723" 2.5 13.3355 13.27363
"19724" 5 13.3355 11.09361
"19725" 7.5 13.3355 10.49196
"19755" 0 16.9917 19.75186
"19756" 1 16.9917 19.37359
"19757" 2.5 16.9917 18.52006
"19758" 5 16.9917 16.40285
"19759" 7.5 16.9917 14.68537
"19789" 0 21.9032 26.95042
"19790" 1 21.9032 27.06454
"19791" 2.5 21.9032 26.78386
"19792" 5 21.9032 22.45053
"19793" 7.5 21.9032 15.98617
"19823" 0 19.7177 24.53249
"19824" 1 19.7177 24.68414
"19825" 2.5 19.7177 24.64276
"19826" 5 19.7177 24.52589
"19827" 7.5 19.7177 19.96905
"19857" 0 14.0017 19.92465
"19858" 1 14.0017 19.91612
"19859" 2.5 14.0017 19.95306
"19860" 5 14.0017 19.82849
"19861" 7.5 14.0017 19.34483
"19891" 0 9.8806 14.69067
"19892" 1 9.8806 14.69718
"19893" 2.5 9.8806 14.64603
"19894" 5 9.8806 14.68365
"19895" 7.5 9.8806 14.62604
"19925" 0 7.8817 11.36784
"19926" 1 7.8817 11.36288
"19927" 2.5 7.8817 11.443
"19928" 5 7.8817 11.44029
"19929" 7.5 7.8817 11.51684
"19959" 0 3.5048 8.239793
"19960" 1 3.5048 8.272794
"19961" 2.5 3.5048 8.26229
"19962" 5 3.5048 8.263377
"19963" 7.5 3.5048 8.282777
"19993" 0 -0.0887 5.405515
"19994" 1 -0.0887 5.484189
"19995" 2.5 -0.0887 5.484208
"19996" 5 -0.0887 5.486522
"19997" 7.5 -0.0887 5.570247
"20027" 0 5.4036 5.401688
"20028" 1 5.4036 5.398712
"20029" 2.5 5.4036 5.398627
"20030" 5 5.4036 5.388395
"20031" 7.5 5.4036 5.363083
"20061" 0 3.8435 5.212328
"20062" 1 3.8435 5.210774
"20063" 2.5 3.8435 5.209789
"20064" 5 3.8435 5.240431
"20065" 7.5 3.8435 5.283408
"20095" 0 9.14 9.456652
"20096" 1 9.14 9.470308
"20097" 2.5 9.14 9.466354
"20098" 5 9.14 8.94284
"20099" 7.5 9.14 7.326661
"20129" 0 13.1871 16.01083
"20130" 1 13.1871 15.95196
"20131" 2.5 13.1871 15.7429
"20132" 5 13.1871 15.12124
"20133" 7.5 13.1871 12.17808
"20163" 0 14.67 17.77207
"20164" 1 14.67 17.58629
"20165" 2.5 14.67 17.29978
"20166" 5 14.67 14.91579
"20167" 7.5 14.67 14.06476
"20197" 0 21.0048 22.93138
"20198" 1 21.0048 22.91386
"20199" 2.5 21.0048 22.95304
"20200" 5 21.0048 18.76243
"20201" 7.5 21.0048 15.73957
"20231" 0 18.0984 22.67196
"20232" 1 18.0984 22.7472
"20233" 2.5 18.0984 22.74346
"20234" 5 18.0984 22.84076
"20235" 7.5 18.0984 19.60092
"20265" 0 12.515 16.53202
"20266" 1 12.515 16.52583
"20267" 2.5 12.515 16.53096
"20268" 5 12.515 16.34661
"20269" 7.5 12.515 16.57687
"20299" 0 13.4855 14.26534
"20300" 1 13.4855 14.26837
"20301" 2.5 13.4855 14.24788
"20302" 5 13.4855 14.25811
"20303" 7.5 13.4855 14.14392
"20333" 0 3.75 10.56131
"20334" 1 3.75 10.56102
"20335" 2.5 3.75 10.62482
"20336" 5 3.75 10.7033
"20337" 7.5 3.75 10.71671
"20367" 0 -0.1242 6.946062
"20368" 1 -0.1242 6.946152
"20369" 2.5 -0.1242 7.102471
"20370" 5 -0.1242 7.056848
"20371" 7.5 -0.1242 7.038688
"20401" 0 -0.4048 5.492979
"20402" 1 -0.4048 5.493178
"20403" 2.5 -0.4048 5.494483
"20404" 5 -0.4048 5.421444
"20405" 7.5 -0.4048 5.454348
"20435" 0 -0.7052 4.885693
"20436" 1 -0.7052 4.88477
"20437" 2.5 -0.7052 4.870475
"20438" 5 -0.7052 4.860062
"20439" 7.5 -0.7052 4.915739
"20469" 0 3.5742 4.21096
"20470" 1 3.5742 4.214693
"20471" 2.5 3.5742 4.280257
"20472" 5 3.5742 4.338571
"20473" 7.5 3.5742 4.407067
"20503" 0 9.695 8.314276
"20504" 1 9.695 8.28134
"20505" 2.5 9.695 7.761203
"20506" 5 9.695 7.26845
"20507" 7.5 9.695 6.658613
"20537" 0 12.5371 15.56649
"20538" 1 12.5371 15.45923
"20539" 2.5 12.5371 14.5716
"20540" 5 12.5371 13.38847
"20541" 7.5 12.5371 11.9626
"20571" 0 17.3917 16.48959
"20572" 1 17.3917 16.42764
"20573" 2.5 17.3917 16.35292
"20574" 5 17.3917 15.94209
"20575" 7.5 17.3917 15.67951
"20605" 0 17.3581 20.17062
"20606" 1 17.3581 20.18191
"20607" 2.5 17.3581 20.01278
"20608" 5 17.3581 19.80382
"20609" 7.5 17.3581 18.97989
"20639" 0 17.221 21.37282
"20640" 1 17.221 21.36631
"20641" 2.5 17.221 21.3774
"20642" 5 17.221 21.09644
"20643" 7.5 17.221 19.76296
"20673" 0 11.2117 16.75084
"20674" 1 11.2117 16.79205
"20675" 2.5 11.2117 16.78558
"20676" 5 11.2117 16.82866
"20677" 7.5 11.2117 17.03275
"20707" 0 9.6629 13.29407
"20708" 1 9.6629 13.36852
"20709" 2.5 9.6629 13.36897
"20710" 5 9.6629 13.36595
"20711" 7.5 9.6629 13.35167
"20741" 0 5.1483 10.04741
"20742" 1 5.1483 10.04176
"20743" 2.5 5.1483 10.04152
"20744" 5 5.1483 10.04316
"20745" 7.5 5.1483 10.05095
"20775" 0 -0.6129 6.434115
"20776" 1 -0.6129 6.43653
"20777" 2.5 -0.6129 6.436635
"20778" 5 -0.6129 6.435936
"20779" 7.5 -0.6129 6.432621